2theta	Intensity
3	6987
3.015326042145	6595
3.03065208429	6288
3.045978126435	6120
3.06130416858	6033
3.076630210725	5764
3.09195625287	5595
3.107282295015	5320
3.12260833716	5311
3.137934379305	5138
3.15326042145	5016
3.168586463595	5075
3.18391250574	4863
3.199238547885	4795
3.21456459003	4828
3.229890632175	4637
3.24521667432	4693
3.260542716465	4626
3.27586875861	4464
3.291194800755	4476
3.3065208429	4426
3.321846885045	4380
3.33717292719	4309
3.352498969335	4334
3.36782501148	4376
3.383151053625	4224
3.39847709577	4132
3.413803137915	4118
3.42912918006	4163
3.444455222205	3942
3.45978126435	4102
3.475107306495	4021
3.49043334864	3918
3.505759390785	3929
3.52108543293	3959
3.536411475075	3856
3.55173751722	3838
3.567063559365	3974
3.58238960151	3794
3.597715643655	3837
3.6130416858	3932
3.628367727945	3888
3.64369377009	3929
3.659019812235	3953
3.67434585438	3900
3.689671896525	3835
3.70499793867	3812
3.720323980815	3683
3.73565002296	3529
3.750976065105	3391
3.76630210725	3374
3.781628149395	3339
3.79695419154	3284
3.812280233685	3324
3.82760627583	3228
3.842932317975	3220
3.85825836012	3177
3.873584402265	3198
3.88891044441	3145
3.904236486555	3194
3.9195625287	3064
3.934888570845	3101
3.95021461299	3009
3.965540655135	2979
3.98086669728	2947
3.996192739425	2905
4.01151878157	2931
4.026844823715	2886
4.04217086586	2889
4.057496908005	2786
4.07282295015	2765
4.088148992295	2817
4.10347503444	2838
4.118801076585	2652
4.13412711873	2720
4.149453160875	2795
4.16477920302	2657
4.180105245165	2643
4.19543128731	2568
4.210757329455	2625
4.2260833716	2602
4.241409413745	2477
4.25673545589	2510
4.272061498035	2515
4.28738754018	2505
4.302713582325	2463
4.31803962447	2471
4.333365666615	2469
4.34869170876	2402
4.364017750905	2423
4.37934379305	2429
4.394669835195	2442
4.40999587734	2371
4.425321919485	2278
4.44064796163	2264
4.455974003775	2380
4.47130004592	2253
4.486626088065	2213
4.50195213021	2209
4.517278172355	2269
4.5326042145	2169
4.547930256645	2175
4.56325629879	2193
4.578582340935	2206
4.59390838308	2192
4.609234425225	2139
4.62456046737	2181
4.639886509515	2168
4.65521255166	2122
4.670538593805	1988
4.68586463595	2033
4.701190678095	2086
4.71651672024	2018
4.731842762385	1978
4.74716880453	1997
4.762494846675	1917
4.77782088882	1947
4.793146930965	1968
4.80847297311	1929
4.823799015255	1984
4.8391250574	1862
4.854451099545	1949
4.86977714169	1934
4.885103183835	1895
4.90042922598	1916
4.915755268125	1844
4.93108131027	1938
4.946407352415	1824
4.96173339456	1800
4.977059436705	1815
4.99238547885	1845
5.007711520995	1787
5.02303756314	1815
5.038363605285	1691
5.05368964743	1832
5.069015689575	1695
5.08434173172	1713
5.099667773865	1700
5.11499381601	1658
5.130319858155	1738
5.1456459003	1739
5.160971942445	1714
5.17629798459	1685
5.191624026735	1680
5.20695006888	1685
5.222276111025	1655
5.23760215317	1728
5.252928195315	1702
5.26825423746	1660
5.283580279605	1676
5.29890632175	1571
5.314232363895	1647
5.32955840604	1658
5.344884448185	1614
5.36021049033	1637
5.375536532475	1595
5.39086257462	1646
5.406188616765	1564
5.42151465891	1536
5.436840701055	1610
5.4521667432	1598
5.467492785345	1549
5.48281882749	1580
5.498144869635	1504
5.51347091178	1574
5.528796953925	1535
5.54412299607	1491
5.559449038215	1469
5.57477508036	1600
5.590101122505	1543
5.60542716465	1621
5.620753206795	1550
5.63607924894	1605
5.651405291085	1588
5.66673133323	1576
5.682057375375	1548
5.69738341752	1480
5.712709459665	1579
5.72803550181	1546
5.743361543955	1569
5.7586875861	1519
5.774013628245	1471
5.78933967039	1529
5.804665712535	1518
5.81999175468	1534
5.835317796825	1559
5.85064383897	1478
5.865969881115	1563
5.88129592326	1529
5.896621965405	1474
5.91194800755	1559
5.927274049695	1567
5.94260009184	1500
5.957926133985	1614
5.97325217613	1609
5.988578218275	1590
6.00390426042	1611
6.019230302565	1626
6.03455634471	1686
6.049882386855	1669
6.065208429	1687
6.080534471145	1715
6.09586051329	1783
6.111186555435	1824
6.12651259758	1867
6.141838639725	1826
6.15716468187	1891
6.172490724015	1989
6.18781676616	1963
6.203142808305	1976
6.21846885045	1925
6.233794892595	1997
6.24912093474	1807
6.264446976885	1747
6.27977301903	1765
6.295099061175	1726
6.31042510332	1647
6.325751145465	1648
6.34107718761	1619
6.356403229755	1539
6.3717292719	1573
6.387055314045	1570
6.40238135619	1515
6.417707398335	1442
6.43303344048	1507
6.448359482625	1573
6.46368552477	1498
6.479011566915	1510
6.49433760906	1444
6.509663651205	1497
6.52498969335	1446
6.540315735495	1538
6.55564177764	1487
6.570967819785	1491
6.58629386193	1474
6.601619904075	1518
6.61694594622	1474
6.632271988365	1448
6.64759803051	1416
6.662924072655	1466
6.6782501148	1435
6.693576156945	1467
6.70890219909	1441
6.724228241235	1427
6.73955428338	1393
6.754880325525	1421
6.77020636767	1377
6.785532409815	1395
6.80085845196	1399
6.816184494105	1416
6.83151053625	1401
6.846836578395	1444
6.86216262054	1312
6.877488662685	1464
6.89281470483	1384
6.908140746975	1398
6.92346678912	1442
6.938792831265	1470
6.95411887341	1367
6.969444915555	1379
6.9847709577	1392
7.000096999845	1402
7.01542304199	1360
7.030749084135	1433
7.04607512628	1414
7.061401168425	1412
7.07672721057	1407
7.092053252715	1420
7.10737929486	1374
7.122705337005	1450
7.13803137915	1474
7.153357421295	1383
7.16868346344	1483
7.184009505585	1461
7.19933554773	1430
7.214661589875	1483
7.22998763202	1349
7.245313674165	1477
7.26063971631	1488
7.275965758455	1428
7.2912918006	1450
7.306617842745	1433
7.32194388489	1456
7.337269927035	1485
7.35259596918	1439
7.367922011325	1452
7.38324805347	1458
7.398574095615	1476
7.41390013776	1496
7.429226179905	1436
7.44455222205	1424
7.459878264195	1514
7.47520430634	1495
7.490530348485	1511
7.50585639063	1516
7.521182432775	1505
7.53650847492	1452
7.551834517065	1487
7.56716055921	1592
7.582486601355	1528
7.5978126435	1556
7.613138685645	1533
7.62846472779	1503
7.643790769935	1590
7.65911681208	1469
7.674442854225	1575
7.68976889637	1548
7.705094938515	1570
7.72042098066	1578
7.735747022805	1585
7.75107306495	1581
7.766399107095	1557
7.78172514924	1665
7.797051191385	1596
7.81237723353	1699
7.827703275675	1601
7.84302931782	1656
7.858355359965	1677
7.87368140211	1672
7.889007444255	1726
7.9043334864	1633
7.919659528545	1738
7.93498557069	1717
7.950311612835	1710
7.96563765498	1732
7.980963697125	1843
7.99628973927	1799
8.011615781415	1768
8.02694182356	1791
8.042267865705	1795
8.05759390785	1841
8.072919949995	1950
8.08824599214	1863
8.103572034285	1894
8.11889807643	1864
8.134224118575	1924
8.14955016072	2013
8.164876202865	1955
8.18020224501	1969
8.195528287155	2025
8.2108543293	2009
8.226180371445	2025
8.24150641359	1993
8.256832455735	2115
8.27215849788	2039
8.287484540025	2061
8.30281058217	2188
8.318136624315	2177
8.33346266646	2163
8.348788708605	2239
8.36411475075	2312
8.379440792895	2355
8.39476683504	2322
8.410092877185	2316
8.42541891933	2422
8.440744961475	2497
8.45607100362	2469
8.471397045765	2448
8.48672308791	2556
8.502049130055	2577
8.5173751722	2729
8.532701214345	2629
8.54802725649	2795
8.563353298635	2737
8.57867934078	2759
8.594005382925	2877
8.60933142507	2979
8.624657467215	2976
8.63998350936	3108
8.655309551505	3014
8.67063559365	3323
8.685961635795	3271
8.70128767794	3465
8.716613720085	3715
8.73193976223	3869
8.747265804375	4110
8.76259184652	4221
8.777917888665	4550
8.79324393081	4679
8.808569972955	4920
8.8238960151	4689
8.839222057245	4567
8.85454809939	4029
8.869874141535	3812
8.88520018368	3182
8.900526225825	2910
8.91585226797	2737
8.931178310115	2523
8.94650435226	2383
8.961830394405	2252
8.97715643655	2123
8.992482478695	1976
9.00780852084	1937
9.023134562985	1837
9.03846060513	1794
9.053786647275	1627
9.06911268942	1623
9.084438731565	1538
9.09976477371	1531
9.115090815855	1456
9.130416858	1427
9.145742900145	1324
9.16106894229	1320
9.176394984435	1269
9.19172102658	1303
9.207047068725	1244
9.22237311087	1151
9.237699153015	1130
9.25302519516	1096
9.268351237305	1061
9.28367727945	1040
9.299003321595	1065
9.31432936374	1025
9.329655405885	952
9.34498144803	952
9.360307490175	983
9.37563353232	969
9.390959574465	933
9.40628561661	902
9.421611658755	909
9.4369377009	884
9.452263743045	885
9.46758978519	841
9.482915827335	821
9.49824186948	843
9.513567911625	854
9.52889395377	809
9.544219995915	759
9.55954603806	798
9.574872080205	783
9.59019812235	764
9.605524164495	804
9.62085020664	724
9.636176248785	752
9.65150229093	783
9.666828333075	765
9.68215437522	732
9.697480417365	759
9.71280645951	772
9.728132501655	752
9.7434585438	719
9.758784585945	705
9.77411062809	699
9.789436670235	707
9.80476271238	732
9.820088754525	633
9.83541479667	682
9.850740838815	703
9.86606688096	691
9.881392923105	694
9.89671896525	706
9.912045007395	684
9.92737104954	666
9.942697091685	664
9.95802313383	666
9.973349175975	706
9.98867521812	671
10.004001260265	641
10.01932730241	655
10.034653344555	689
10.0499793867	660
10.065305428845	712
10.08063147099	675
10.095957513135	690
10.11128355528	710
10.126609597425	653
10.14193563957	659
10.157261681715	657
10.17258772386	744
10.187913766005	688
10.20323980815	596
10.218565850295	676
10.23389189244	684
10.249217934585	674
10.26454397673	640
10.279870018875	688
10.29519606102	670
10.310522103165	671
10.32584814531	633
10.341174187455	681
10.3565002296	641
10.371826271745	649
10.38715231389	705
10.402478356035	653
10.41780439818	619
10.433130440325	644
10.44845648247	699
10.463782524615	704
10.47910856676	681
10.494434608905	668
10.50976065105	712
10.525086693195	703
10.54041273534	676
10.555738777485	699
10.57106481963	655
10.586390861775	661
10.60171690392	627
10.617042946065	658
10.63236898821	645
10.647695030355	721
10.6630210725	697
10.678347114645	641
10.69367315679	701
10.708999198935	710
10.72432524108	653
10.739651283225	658
10.75497732537	620
10.770303367515	714
10.78562940966	657
10.800955451805	681
10.81628149395	662
10.831607536095	688
10.84693357824	663
10.862259620385	674
10.87758566253	702
10.892911704675	699
10.90823774682	673
10.923563788965	657
10.93888983111	711
10.954215873255	684
10.9695419154	653
10.984867957545	710
11.00019399969	703
11.015520041835	709
11.03084608398	681
11.046172126125	676
11.06149816827	649
11.076824210415	679
11.09215025256	636
11.107476294705	675
11.12280233685	682
11.138128378995	656
11.15345442114	683
11.168780463285	686
11.18410650543	664
11.199432547575	693
11.21475858972	649
11.230084631865	660
11.24541067401	720
11.260736716155	715
11.2760627583	691
11.291388800445	663
11.30671484259	684
11.322040884735	621
11.33736692688	692
11.352692969025	680
11.36801901117	657
11.383345053315	708
11.39867109546	708
11.413997137605	717
11.42932317975	693
11.444649221895	658
11.45997526404	703
11.475301306185	713
11.49062734833	687
11.505953390475	694
11.52127943262	703
11.536605474765	672
11.55193151691	675
11.567257559055	723
11.5825836012	678
11.597909643345	702
11.61323568549	663
11.628561727635	720
11.64388776978	717
11.659213811925	699
11.67453985407	731
11.689865896215	683
11.70519193836	693
11.720517980505	733
11.73584402265	734
11.751170064795	739
11.76649610694	675
11.781822149085	680
11.79714819123	716
11.812474233375	714
11.82780027552	756
11.843126317665	732
11.85845235981	750
11.873778401955	777
11.8891044441	758
11.904430486245	764
11.91975652839	782
11.935082570535	804
11.95040861268	806
11.965734654825	800
11.98106069697	823
11.996386739115	869
12.01171278126	816
12.027038823405	853
12.04236486555	925
12.057690907695	830
12.07301694984	916
12.088342991985	978
12.10366903413	947
12.118995076275	1015
12.13432111842	989
12.149647160565	1082
12.16497320271	1082
12.180299244855	1143
12.195625287	1213
12.210951329145	1197
12.22627737129	1220
12.241603413435	1304
12.25692945558	1370
12.272255497725	1461
12.28758153987	1546
12.302907582015	1555
12.31823362416	1558
12.333559666305	1638
12.34888570845	1746
12.364211750595	1770
12.37953779274	1848
12.394863834885	1778
12.41018987703	1847
12.425515919175	1929
12.44084196132	1976
12.456168003465	1935
12.47149404561	1927
12.486820087755	1808
12.5021461299	1663
12.517472172045	1493
12.53279821419	1231
12.548124256335	1112
12.56345029848	1082
12.578776340625	956
12.59410238277	950
12.609428424915	887
12.62475446706	856
12.640080509205	849
12.65540655135	782
12.670732593495	807
12.68605863564	713
12.701384677785	746
12.71671071993	735
12.732036762075	750
12.74736280422	649
12.762688846365	725
12.77801488851	646
12.793340930655	651
12.8086669728	653
12.823993014945	671
12.83931905709	685
12.854645099235	666
12.86997114138	628
12.885297183525	656
12.90062322567	633
12.915949267815	626
12.93127530996	593
12.946601352105	614
12.96192739425	590
12.977253436395	594
12.99257947854	603
13.007905520685	594
13.02323156283	588
13.038557604975	621
13.05388364712	608
13.069209689265	620
13.08453573141	614
13.099861773555	658
13.1151878157	639
13.130513857845	639
13.14583989999	634
13.161165942135	605
13.17649198428	643
13.191818026425	626
13.20714406857	578
13.222470110715	643
13.23779615286	612
13.253122195005	632
13.26844823715	614
13.283774279295	647
13.29910032144	585
13.314426363585	634
13.32975240573	563
13.345078447875	568
13.36040449002	607
13.375730532165	604
13.39105657431	567
13.406382616455	570
13.4217086586	604
13.437034700745	587
13.45236074289	572
13.467686785035	586
13.48301282718	655
13.498338869325	611
13.51366491147	666
13.528990953615	658
13.54431699576	703
13.559643037905	746
13.57496908005	784
13.590295122195	753
13.60562116434	765
13.620947206485	689
13.63627324863	682
13.651599290775	666
13.66692533292	583
13.682251375065	558
13.69757741721	531
13.712903459355	571
13.7282295015	555
13.743555543645	550
13.75888158579	528
13.774207627935	536
13.78953367008	525
13.804859712225	555
13.82018575437	516
13.835511796515	557
13.85083783866	504
13.866163880805	520
13.88148992295	502
13.896815965095	514
13.91214200724	539
13.927468049385	508
13.94279409153	524
13.958120133675	479
13.97344617582	476
13.988772217965	485
14.00409826011	529
14.019424302255	514
14.0347503444	524
14.050076386545	532
14.06540242869	505
14.080728470835	511
14.09605451298	492
14.111380555125	505
14.12670659727	506
14.142032639415	495
14.15735868156	497
14.172684723705	499
14.18801076585	485
14.203336807995	522
14.21866285014	521
14.233988892285	434
14.24931493443	465
14.264640976575	527
14.27996701872	493
14.295293060865	434
14.31061910301	533
14.325945145155	517
14.3412711873	526
14.356597229445	505
14.37192327159	505
14.387249313735	518
14.40257535588	513
14.417901398025	502
14.43322744017	508
14.448553482315	520
14.46387952446	460
14.479205566605	500
14.49453160875	495
14.509857650895	530
14.52518369304	506
14.540509735185	547
14.55583577733	523
14.571161819475	527
14.58648786162	546
14.601813903765	557
14.61713994591	521
14.632465988055	563
14.6477920302	563
14.663118072345	581
14.67844411449	558
14.693770156635	588
14.70909619878	605
14.724422240925	603
14.73974828307	556
14.755074325215	541
14.77040036736	516
14.785726409505	522
14.80105245165	528
14.816378493795	560
14.83170453594	566
14.847030578085	582
14.86235662023	589
14.877682662375	572
14.89300870452	586
14.908334746665	589
14.92366078881	594
14.938986830955	600
14.9543128731	601
14.969638915245	623
14.98496495739	612
15.000290999535	650
15.01561704168	603
15.030943083825	630
15.04626912597	624
15.061595168115	638
15.07692121026	590
15.092247252405	609
15.10757329455	561
15.122899336695	535
15.13822537884	498
15.153551420985	501
15.16887746313	516
15.184203505275	512
15.19952954742	476
15.214855589565	534
15.23018163171	458
15.245507673855	505
15.260833716	484
15.276159758145	452
15.29148580029	451
15.306811842435	476
15.32213788458	507
15.337463926725	474
15.35278996887	518
15.368116011015	475
15.38344205316	473
15.398768095305	502
15.41409413745	462
15.429420179595	489
15.44474622174	503
15.460072263885	497
15.47539830603	537
15.490724348175	458
15.50605039032	484
15.521376432465	507
15.53670247461	526
15.552028516755	506
15.5673545589	476
15.582680601045	485
15.59800664319	520
15.613332685335	499
15.62865872748	483
15.643984769625	495
15.65931081177	431
15.674636853915	452
15.68996289606	461
15.705288938205	446
15.72061498035	456
15.735941022495	453
15.75126706464	464
15.766593106785	468
15.78191914893	459
15.797245191075	486
15.81257123322	463
15.827897275365	461
15.84322331751	475
15.858549359655	491
15.8738754018	452
15.889201443945	460
15.90452748609	469
15.919853528235	442
15.93517957038	472
15.950505612525	451
15.96583165467	508
15.981157696815	464
15.99648373896	439
16.011809781105	459
16.02713582325	480
16.042461865395	435
16.05778790754	465
16.073113949685	421
16.08843999183	477
16.103766033975	478
16.11909207612	462
16.134418118265	475
16.14974416041	466
16.165070202555	502
16.1803962447	435
16.195722286845	458
16.21104832899	507
16.226374371135	492
16.24170041328	462
16.257026455425	468
16.27235249757	450
16.287678539715	440
16.30300458186	456
16.318330624005	489
16.33365666615	448
16.348982708295	520
16.36430875044	438
16.379634792585	479
16.39496083473	470
16.410286876875	507
16.42561291902	489
16.440938961165	506
16.45626500331	422
16.471591045455	484
16.4869170876	430
16.502243129745	489
16.51756917189	478
16.532895214035	424
16.54822125618	433
16.563547298325	447
16.57887334047	457
16.594199382615	460
16.60952542476	473
16.624851466905	554
16.64017750905	435
16.655503551195	501
16.67082959334	484
16.686155635485	475
16.70148167763	477
16.716807719775	487
16.73213376192	477
16.747459804065	470
16.76278584621	480
16.778111888355	480
16.7934379305	480
16.808763972645	488
16.82409001479	488
16.839416056935	513
16.85474209908	509
16.870068141225	516
16.88539418337	510
16.900720225515	527
16.91604626766	554
16.931372309805	515
16.94669835195	522
16.962024394095	517
16.97735043624	519
16.992676478385	483
17.00800252053	509
17.023328562675	534
17.03865460482	563
17.053980646965	530
17.06930668911	509
17.084632731255	498
17.0999587734	566
17.115284815545	547
17.13061085769	566
17.145936899835	566
17.16126294198	540
17.176588984125	587
17.19191502627	593
17.207241068415	581
17.22256711056	586
17.237893152705	581
17.25321919485	593
17.268545236995	609
17.28387127914	604
17.299197321285	597
17.31452336343	692
17.329849405575	686
17.34517544772	672
17.360501489865	665
17.37582753201	726
17.391153574155	741
17.4064796163	761
17.421805658445	728
17.43713170059	733
17.452457742735	762
17.46778378488	752
17.483109827025	797
17.49843586917	746
17.513761911315	738
17.52908795346	809
17.544413995605	829
17.55974003775	900
17.575066079895	901
17.59039212204	955
17.605718164185	916
17.62104420633	985
17.636370248475	1005
17.65169629062	1083
17.667022332765	1171
17.68234837491	1259
17.697674417055	1355
17.7130004592	1501
17.728326501345	1465
17.74365254349	1438
17.758978585635	1484
17.77430462778	1360
17.789630669925	1260
17.80495671207	1196
17.820282754215	1133
17.83560879636	1071
17.850934838505	987
17.86626088065	972
17.881586922795	906
17.89691296494	855
17.912239007085	930
17.92756504923	834
17.942891091375	884
17.95821713352	798
17.973543175665	773
17.98886921781	847
18.004195259955	782
18.0195213021	735
18.034847344245	696
18.05017338639	699
18.065499428535	689
18.08082547068	765
18.096151512825	673
18.11147755497	634
18.126803597115	675
18.14212963926	695
18.157455681405	695
18.17278172355	615
18.188107765695	651
18.20343380784	657
18.218759849985	659
18.23408589213	672
18.249411934275	698
18.26473797642	653
18.280064018565	649
18.29539006071	604
18.310716102855	635
18.326042145	614
18.341368187145	636
18.35669422929	641
18.372020271435	681
18.38734631358	622
18.402672355725	669
18.41799839787	619
18.433324440015	659
18.44865048216	610
18.463976524305	628
18.47930256645	658
18.494628608595	656
18.50995465074	652
18.525280692885	659
18.54060673503	633
18.555932777175	651
18.57125881932	692
18.586584861465	698
18.60191090361	712
18.617236945755	700
18.6325629879	690
18.647889030045	735
18.66321507219	699
18.678541114335	793
18.69386715648	727
18.709193198625	789
18.72451924077	771
18.739845282915	824
18.75517132506	864
18.770497367205	811
18.78582340935	771
18.801149451495	811
18.81647549364	719
18.831801535785	678
18.84712757793	659
18.862453620075	640
18.87777966222	623
18.893105704365	613
18.90843174651	611
18.923757788655	614
18.9390838308	600
18.954409872945	578
18.96973591509	622
18.985061957235	635
19.00038799938	620
19.015714041525	641
19.03104008367	661
19.046366125815	677
19.06169216796	656
19.077018210105	689
19.09234425225	793
19.107670294395	828
19.12299633654	826
19.138322378685	852
19.15364842083	923
19.168974462975	951
19.18430050512	974
19.199626547265	967
19.21495258941	997
19.230278631555	1029
19.2456046737	1034
19.260930715845	1098
19.27625675799	1090
19.291582800135	1050
19.30690884228	1032
19.322234884425	1075
19.33756092657	1083
19.352886968715	1162
19.36821301086	1091
19.383539053005	1177
19.39886509515	1169
19.414191137295	1222
19.42951717944	1339
19.444843221585	1409
19.46016926373	1464
19.475495305875	1503
19.49082134802	1667
19.506147390165	1846
19.52147343231	2030
19.536799474455	2319
19.5521255166	2459
19.567451558745	2704
19.58277760089	3097
19.598103643035	3288
19.61342968518	3686
19.628755727325	4109
19.64408176947	4194
19.659407811615	4673
19.67473385376	4747
19.690059895905	4898
19.70538593805	5027
19.720711980195	4994
19.73603802234	4918
19.751364064485	4900
19.76669010663	4937
19.782016148775	5057
19.79734219092	4844
19.812668233065	4734
19.82799427521	4593
19.843320317355	4463
19.8586463595	4079
19.873972401645	3989
19.88929844379	3686
19.904624485935	3310
19.91995052808	2998
19.935276570225	2940
19.95060261237	2675
19.965928654515	2554
19.98125469666	2471
19.996580738805	2321
20.01190678095	2340
20.027232823095	2219
20.04255886524	2138
20.057884907385	2145
20.07321094953	2033
20.088536991675	2086
20.10386303382	2038
20.119189075965	2071
20.13451511811	1946
20.149841160255	2010
20.1651672024	1955
20.180493244545	1876
20.19581928669	1868
20.211145328835	1824
20.22647137098	1789
20.241797413125	1826
20.25712345527	1882
20.272449497415	1796
20.28777553956	1841
20.303101581705	1879
20.31842762385	1847
20.333753665995	1795
20.34907970814	1838
20.364405750285	1734
20.37973179243	1715
20.395057834575	1789
20.41038387672	1726
20.425709918865	1740
20.44103596101	1740
20.456362003155	1628
20.4716880453	1675
20.487014087445	1661
20.50234012959	1615
20.517666171735	1579
20.53299221388	1720
20.548318256025	1762
20.56364429817	1735
20.578970340315	1697
20.59429638246	1792
20.609622424605	1697
20.62494846675	1764
20.640274508895	1750
20.65560055104	1780
20.670926593185	1816
20.68625263533	1930
20.701578677475	2134
20.71690471962	2631
20.732230761765	3201
20.74755680391	4349
20.762882846055	5687
20.7782088882	8310
20.793534930345	10671
20.80886097249	12684
20.824187014635	12940
20.83951305678	10970
20.854839098925	8948
20.87016514107	7903
20.885491183215	6304
20.90081722536	4597
20.916143267505	3459
20.93146930965	2937
20.946795351795	2932
20.96212139394	2710
20.977447436085	2561
20.99277347823	2295
21.008099520375	2235
21.02342556252	1894
21.038751604665	1744
21.05407764681	1603
21.069403688955	1570
21.0847297311	1385
21.100055773245	1328
21.11538181539	1223
21.130707857535	1233
21.14603389968	1165
21.161359941825	1223
21.17668598397	1120
21.192012026115	1144
21.20733806826	1201
21.222664110405	1124
21.23799015255	1204
21.253316194695	1164
21.26864223684	1131
21.283968278985	1106
21.29929432113	1177
21.314620363275	1077
21.32994640542	1150
21.345272447565	1104
21.36059848971	1076
21.375924531855	1088
21.391250574	1124
21.406576616145	1186
21.42190265829	1079
21.437228700435	1162
21.45255474258	1135
21.467880784725	1220
21.48320682687	1182
21.498532869015	1210
21.51385891116	1243
21.529184953305	1241
21.54451099545	1250
21.559837037595	1247
21.57516307974	1289
21.590489121885	1170
21.60581516403	1207
21.621141206175	1154
21.63646724832	1127
21.651793290465	1121
21.66711933261	1027
21.682445374755	1017
21.6977714169	1002
21.713097459045	1033
21.72842350119	965
21.743749543335	986
21.75907558548	1007
21.774401627625	978
21.78972766977	953
21.805053711915	913
21.82037975406	890
21.835705796205	940
21.85103183835	893
21.866357880495	895
21.88168392264	910
21.897009964785	907
21.91233600693	852
21.927662049075	934
21.94298809122	836
21.958314133365	887
21.97364017551	893
21.988966217655	940
22.0042922598	902
22.019618301945	876
22.03494434409	844
22.050270386235	910
22.06559642838	907
22.080922470525	923
22.09624851267	865
22.111574554815	866
22.12690059696	882
22.142226639105	862
22.15755268125	933
22.172878723395	872
22.18820476554	874
22.203530807685	909
22.21885684983	972
22.234182891975	1006
22.24950893412	995
22.264834976265	988
22.28016101841	1119
22.295487060555	1064
22.3108131027	1139
22.326139144845	1135
22.34146518699	1102
22.356791229135	1050
22.37211727128	1115
22.387443313425	1215
22.40276935557	1207
22.418095397715	1189
22.43342143986	1295
22.448747482005	1311
22.46407352415	1304
22.479399566295	1301
22.49472560844	1245
22.510051650585	1190
22.52537769273	1210
22.540703734875	1190
22.55602977702	1213
22.571355819165	1054
22.58668186131	1076
22.602007903455	1071
22.6173339456	1069
22.632659987745	1052
22.64798602989	1039
22.663312072035	1074
22.67863811418	1091
22.693964156325	1155
22.70929019847	1089
22.724616240615	1154
22.73994228276	1133
22.755268324905	1293
22.77059436705	1307
22.785920409195	1387
22.80124645134	1490
22.816572493485	1517
22.83189853563	1640
22.847224577775	1621
22.86255061992	1614
22.877876662065	1531
22.89320270421	1507
22.908528746355	1449
22.9238547885	1456
22.939180830645	1419
22.95450687279	1312
22.969832914935	1392
22.98515895708	1284
23.000484999225	1257
23.01581104137	1234
23.031137083515	1263
23.04646312566	1213
23.061789167805	1105
23.07711520995	1201
23.092441252095	1129
23.10776729424	1165
23.123093336385	1160
23.13841937853	1139
23.153745420675	1202
23.16907146282	1188
23.184397504965	1179
23.19972354711	1216
23.215049589255	1215
23.2303756314	1162
23.245701673545	1227
23.26102771569	1268
23.276353757835	1213
23.29167979998	1290
23.307005842125	1287
23.32233188427	1384
23.337657926415	1442
23.35298396856	1493
23.368310010705	1522
23.38363605285	1651
23.398962094995	1787
23.41428813714	1800
23.429614179285	1796
23.44494022143	1746
23.460266263575	1791
23.47559230572	1828
23.490918347865	1845
23.50624439001	1805
23.521570432155	1740
23.5368964743	1672
23.552222516445	1594
23.56754855859	1553
23.582874600735	1578
23.59820064288	1552
23.613526685025	1475
23.62885272717	1543
23.644178769315	1453
23.65950481146	1582
23.674830853605	1541
23.69015689575	1554
23.705482937895	1674
23.72080898004	1751
23.736135022185	1827
23.75146106433	1848
23.766787106475	1891
23.78211314862	1861
23.797439190765	1802
23.81276523291	1689
23.828091275055	1628
23.8434173172	1640
23.858743359345	1537
23.87406940149	1587
23.889395443635	1479
23.90472148578	1496
23.920047527925	1503
23.93537357007	1454
23.950699612215	1437
23.96602565436	1524
23.981351696505	1504
23.99667773865	1540
24.012003780795	1429
24.02732982294	1371
24.042655865085	1420
24.05798190723	1338
24.073307949375	1343
24.08863399152	1373
24.103960033665	1268
24.11928607581	1330
24.134612117955	1261
24.1499381601	1320
24.165264202245	1381
24.18059024439	1349
24.195916286535	1381
24.21124232868	1445
24.226568370825	1434
24.24189441297	1455
24.257220455115	1444
24.27254649726	1527
24.287872539405	1543
24.30319858155	1496
24.318524623695	1593
24.33385066584	1499
24.349176707985	1605
24.36450275013	1637
24.379828792275	1575
24.39515483442	1507
24.410480876565	1575
24.42580691871	1512
24.441132960855	1509
24.456459003	1557
24.471785045145	1592
24.48711108729	1616
24.502437129435	1516
24.51776317158	1580
24.533089213725	1575
24.54841525587	1619
24.563741298015	1596
24.57906734016	1562
24.594393382305	1631
24.60971942445	1526
24.625045466595	1578
24.64037150874	1521
24.655697550885	1616
24.67102359303	1525
24.686349635175	1547
24.70167567732	1575
24.717001719465	1548
24.73232776161	1562
24.747653803755	1554
24.7629798459	1713
24.778305888045	1734
24.79363193019	1632
24.808957972335	1698
24.82428401448	1766
24.839610056625	1762
24.85493609877	1783
24.870262140915	1844
24.88558818306	1900
24.900914225205	1888
24.91624026735	1922
24.931566309495	1721
24.94689235164	1828
24.962218393785	1893
24.97754443593	1890
24.992870478075	1946
25.00819652022	1911
25.023522562365	1916
25.03884860451	1943
25.054174646655	1998
25.0695006888	2046
25.084826730945	2203
25.10015277309	2122
25.115478815235	2163
25.13080485738	2206
25.146130899525	2209
25.16145694167	2177
25.176782983815	2297
25.19210902596	2252
25.207435068105	2354
25.22276111025	2484
25.238087152395	2530
25.25341319454	2676
25.268739236685	2520
25.28406527883	2460
25.299391320975	2402
25.31471736312	2332
25.330043405265	2320
25.34536944741	2179
25.360695489555	2285
25.3760215317	2215
25.391347573845	2282
25.40667361599	2457
25.421999658135	2390
25.43732570028	2662
25.452651742425	2638
25.46797778457	2489
25.483303826715	2581
25.49862986886	2551
25.513955911005	2435
25.52928195315	2419
25.544607995295	2325
25.55993403744	2422
25.575260079585	2416
25.59058612173	2485
25.605912163875	2508
25.62123820602	2527
25.636564248165	2469
25.65189029031	2602
25.667216332455	2291
25.6825423746	2209
25.697868416745	2141
25.71319445889	1970
25.728520501035	1870
25.74384654318	1769
25.759172585325	1668
25.77449862747	1712
25.789824669615	1596
25.80515071176	1528
25.820476753905	1530
25.83580279605	1532
25.851128838195	1460
25.86645488034	1441
25.881780922485	1486
25.89710696463	1449
25.912433006775	1395
25.92775904892	1430
25.943085091065	1415
25.95841113321	1403
25.973737175355	1472
25.9890632175	1469
26.004389259645	1436
26.01971530179	1463
26.035041343935	1478
26.05036738608	1515
26.065693428225	1550
26.08101947037	1447
26.096345512515	1605
26.11167155466	1522
26.126997596805	1520
26.14232363895	1604
26.157649681095	1644
26.17297572324	1655
26.188301765385	1674
26.20362780753	1642
26.218953849675	1719
26.23427989182	1765
26.249605933965	1796
26.26493197611	1961
26.280258018255	1927
26.2955840604	1964
26.310910102545	2116
26.32623614469	2259
26.341562186835	2472
26.35688822898	2472
26.372214271125	2727
26.38754031327	2979
26.402866355415	3268
26.41819239756	3537
26.433518439705	3989
26.44884448185	4400
26.464170523995	5038
26.47949656614	6219
26.494822608285	7937
26.51014865043	10838
26.525474692575	15744
26.54080073472	23706
26.556126776865	35324
26.57145281901	48018
26.586778861155	57775
26.6021049033	58710
26.617430945445	50304
26.63275698759	39887
26.648083029735	35741
26.66340907188	33440
26.678735114025	27272
26.69406115617	18201
26.709387198315	11585
26.72471324046	8776
26.740039282605	7403
26.75536532475	6625
26.770691366895	6260
26.78601740904	5904
26.801343451185	5583
26.81666949333	5115
26.831995535475	4804
26.84732157762	4567
26.862647619765	4251
26.87797366191	3847
26.893299704055	3658
26.9086257462	3590
26.923951788345	3412
26.93927783049	3292
26.954603872635	3238
26.96992991478	3334
26.985255956925	3304
27.00058199907	3404
27.015908041215	3417
27.03123408336	3522
27.046560125505	3372
27.06188616765	3247
27.077212209795	3078
27.09253825194	2984
27.107864294085	2860
27.12319033623	2768
27.138516378375	2534
27.15384242052	2406
27.169168462665	2375
27.18449450481	2316
27.199820546955	2219
27.2151465891	2142
27.230472631245	2148
27.24579867339	2058
27.261124715535	2058
27.27645075768	2202
27.291776799825	2206
27.30710284197	2214
27.322428884115	2319
27.33775492626	2400
27.353080968405	2698
27.36840701055	2825
27.383733052695	2990
27.39905909484	3216
27.414385136985	3271
27.42971117913	3210
27.445037221275	3348
27.46036326342	3332
27.475689305565	3280
27.49101534771	3257
27.506341389855	3062
27.521667432	2829
27.536993474145	2853
27.55231951629	2641
27.567645558435	2442
27.58297160058	2402
27.598297642725	2249
27.61362368487	2090
27.628949727015	2063
27.64427576916	1963
27.659601811305	1898
27.67492785345	1930
27.690253895595	1893
27.70557993774	1898
27.720905979885	1968
27.73623202203	2076
27.751558064175	2050
27.76688410632	2118
27.782210148465	2229
27.79753619061	2159
27.812862232755	2133
27.8281882749	2104
27.843514317045	1930
27.85884035919	1965
27.874166401335	1960
27.88949244348	1793
27.904818485625	1732
27.92014452777	1627
27.935470569915	1486
27.95079661206	1426
27.966122654205	1446
27.98144869635	1377
27.996774738495	1334
28.01210078064	1385
28.027426822785	1288
28.04275286493	1296
28.058078907075	1256
28.07340494922	1267
28.088730991365	1260
28.10405703351	1186
28.119383075655	1186
28.1347091178	1213
28.150035159945	1214
28.16536120209	1271
28.180687244235	1177
28.19601328638	1230
28.211339328525	1171
28.22666537067	1146
28.241991412815	1256
28.25731745496	1254
28.272643497105	1124
28.28796953925	1210
28.303295581395	1168
28.31862162354	1220
28.333947665685	1132
28.34927370783	1189
28.364599749975	1156
28.37992579212	1174
28.395251834265	1119
28.41057787641	1127
28.425903918555	1237
28.4412299607	1138
28.456556002845	1249
28.47188204499	1243
28.487208087135	1228
28.50253412928	1242
28.517860171425	1340
28.53318621357	1267
28.548512255715	1239
28.56383829786	1282
28.579164340005	1286
28.59449038215	1274
28.609816424295	1283
28.62514246644	1241
28.640468508585	1202
28.65579455073	1283
28.671120592875	1294
28.68644663502	1308
28.701772677165	1254
28.71709871931	1219
28.732424761455	1291
28.7477508036	1341
28.763076845745	1322
28.77840288789	1282
28.793728930035	1244
28.80905497218	1213
28.824381014325	1255
28.83970705647	1265
28.855033098615	1324
28.87035914076	1270
28.885685182905	1305
28.90101122505	1306
28.916337267195	1289
28.93166330934	1333
28.946989351485	1441
28.96231539363	1432
28.977641435775	1432
28.99296747792	1441
29.008293520065	1439
29.02361956221	1406
29.038945604355	1438
29.0542716465	1440
29.069597688645	1445
29.08492373079	1424
29.100249772935	1350
29.11557581508	1366
29.130901857225	1340
29.14622789937	1361
29.161553941515	1302
29.17687998366	1316
29.192206025805	1285
29.20753206795	1269
29.222858110095	1313
29.23818415224	1238
29.253510194385	1273
29.26883623653	1249
29.284162278675	1269
29.29948832082	1220
29.314814362965	1290
29.33014040511	1263
29.345466447255	1334
29.3607924894	1265
29.376118531545	1334
29.39144457369	1284
29.406770615835	1346
29.42209665798	1265
29.437422700125	1341
29.45274874227	1353
29.468074784415	1300
29.48340082656	1313
29.498726868705	1341
29.51405291085	1347
29.529378952995	1360
29.54470499514	1361
29.560031037285	1477
29.57535707943	1511
29.590683121575	1509
29.60600916372	1505
29.621335205865	1525
29.63666124801	1699
29.651987290155	1681
29.6673133323	1770
29.682639374445	1768
29.69796541659	1926
29.713291458735	2060
29.72861750088	2239
29.743943543025	2329
29.75926958517	2414
29.774595627315	2504
29.78992166946	2542
29.805247711605	2645
29.82057375375	2556
29.835899795895	2413
29.85122583804	2335
29.866551880185	2310
29.88187792233	2218
29.897203964475	2067
29.91253000662	1979
29.927856048765	1817
29.94318209091	1730
29.958508133055	1566
29.9738341752	1551
29.989160217345	1419
30.00448625949	1515
30.019812301635	1423
30.03513834378	1366
30.050464385925	1303
30.06579042807	1291
30.081116470215	1307
30.09644251236	1226
30.111768554505	1280
30.12709459665	1370
30.142420638795	1316
30.15774668094	1280
30.173072723085	1334
30.18839876523	1256
30.203724807375	1257
30.21905084952	1257
30.234376891665	1168
30.24970293381	1181
30.265028975955	1186
30.2803550181	1144
30.295681060245	1107
30.31100710239	1173
30.326333144535	1114
30.34165918668	1097
30.356985228825	1165
30.37231127097	1099
30.387637313115	1092
30.40296335526	1162
30.418289397405	1102
30.43361543955	1135
30.448941481695	1066
30.46426752384	1080
30.479593565985	1106
30.49491960813	1114
30.510245650275	1122
30.52557169242	1043
30.540897734565	1049
30.55622377671	1107
30.571549818855	1061
30.586875861	1159
30.602201903145	1158
30.61752794529	1123
30.632853987435	1219
30.64818002958	1244
30.663506071725	1273
30.67883211387	1351
30.694158156015	1337
30.70948419816	1426
30.724810240305	1410
30.74013628245	1459
30.755462324595	1389
30.77078836674	1400
30.786114408885	1398
30.80144045103	1401
30.816766493175	1388
30.83209253532	1326
30.847418577465	1321
30.86274461961	1304
30.878070661755	1273
30.8933967039	1168
30.908722746045	1160
30.92404878819	1187
30.939374830335	1179
30.95470087248	1114
30.970026914625	1130
30.98535295677	1069
31.000678998915	1076
31.01600504106	1096
31.031331083205	1093
31.04665712535	1166
31.061983167495	1084
31.07730920964	1200
31.092635251785	1194
31.10796129393	1333
31.123287336075	1312
31.13861337822	1354
31.153939420365	1411
31.16926546251	1416
31.184591504655	1579
31.1999175468	1521
31.215243588945	1516
31.23056963109	1505
31.245895673235	1425
31.26122171538	1369
31.276547757525	1385
31.29187379967	1258
31.307199841815	1243
31.32252588396	1174
31.337851926105	1106
31.35317796825	1131
31.368504010395	1023
31.38383005254	1060
31.399156094685	1017
31.41448213683	965
31.429808178975	944
31.44513422112	969
31.460460263265	964
31.47578630541	936
31.491112347555	993
31.5064383897	981
31.521764431845	974
31.53709047399	937
31.552416516135	978
31.56774255828	913
31.583068600425	923
31.59839464257	926
31.613720684715	901
31.62904672686	874
31.644372769005	936
31.65969881115	865
31.675024853295	853
31.69035089544	885
31.705676937585	946
31.72100297973	916
31.736329021875	905
31.75165506402	928
31.766981106165	938
31.78230714831	953
31.797633190455	921
31.8129592326	927
31.828285274745	985
31.84361131689	1004
31.858937359035	1055
31.87426340118	1049
31.889589443325	1049
31.90491548547	1163
31.920241527615	1181
31.93556756976	1175
31.950893611905	1213
31.96621965405	1284
31.981545696195	1260
31.99687173834	1227
32.012197780485	1238
32.02752382263	1210
32.042849864775	1176
32.05817590692	1182
32.073501949065	1137
32.08882799121	1093
32.104154033355	1095
32.1194800755	1044
32.134806117645	972
32.15013215979	994
32.165458201935	969
32.18078424408	910
32.196110286225	979
32.21143632837	986
32.226762370515	978
32.24208841266	1071
32.257414454805	992
32.27274049695	1059
32.288066539095	995
32.30339258124	1034
32.318718623385	953
32.33404466553	1021
32.349370707675	982
32.36469674982	908
32.380022791965	910
32.39534883411	855
32.410674876255	809
32.4260009184	838
32.441326960545	788
32.45665300269	814
32.471979044835	753
32.48730508698	786
32.502631129125	726
32.51795717127	733
32.533283213415	738
32.54860925556	698
32.563935297705	683
32.57926133985	635
32.594587381995	711
32.60991342414	683
32.625239466285	665
32.64056550843	678
32.655891550575	693
32.67121759272	655
32.686543634865	682
32.70186967701	658
32.717195719155	663
32.7325217613	633
32.747847803445	649
32.76317384559	657
32.778499887735	647
32.79382592988	654
32.809151972025	676
32.82447801417	641
32.839804056315	683
32.85513009846	654
32.870456140605	690
32.88578218275	661
32.901108224895	682
32.91643426704	668
32.931760309185	696
32.94708635133	733
32.962412393475	617
32.97773843562	769
32.993064477765	700
33.00839051991	678
33.023716562055	720
33.0390426042	718
33.054368646345	723
33.06969468849	721
33.085020730635	702
33.10034677278	678
33.115672814925	693
33.13099885707	675
33.146324899215	692
33.16165094136	708
33.176976983505	741
33.19230302565	690
33.207629067795	745
33.22295510994	717
33.238281152085	755
33.25360719423	690
33.268933236375	739
33.28425927852	759
33.299585320665	751
33.31491136281	695
33.330237404955	776
33.3455634471	772
33.360889489245	728
33.37621553139	711
33.391541573535	764
33.40686761568	750
33.422193657825	723
33.43751969997	760
33.452845742115	828
33.46817178426	781
33.483497826405	780
33.49882386855	818
33.514149910695	740
33.52947595284	811
33.544801994985	806
33.56012803713	798
33.575454079275	829
33.59078012142	836
33.606106163565	795
33.62143220571	843
33.636758247855	862
33.65208429	805
33.667410332145	874
33.68273637429	784
33.698062416435	866
33.71338845858	869
33.728714500725	818
33.74404054287	826
33.759366585015	797
33.77469262716	948
33.790018669305	864
33.80534471145	824
33.820670753595	816
33.83599679574	843
33.851322837885	848
33.86664888003	868
33.881974922175	878
33.89730096432	884
33.912627006465	905
33.92795304861	851
33.943279090755	926
33.9586051329	869
33.973931175045	930
33.98925721719	949
34.004583259335	989
34.01990930148	1031
34.035235343625	1018
34.05056138577	1131
34.065887427915	1154
34.08121347006	1083
34.096539512205	1150
34.11186555435	1195
34.127191596495	1235
34.14251763864	1240
34.157843680785	1297
34.17316972293	1306
34.188495765075	1347
34.20382180722	1354
34.219147849365	1402
34.23447389151	1519
34.249799933655	1586
34.2651259758	1631
34.280452017945	1681
34.29577806009	1831
34.311104102235	1953
34.32643014438	1964
34.341756186525	2109
34.35708222867	2189
34.372408270815	2487
34.38773431296	2473
34.403060355105	2718
34.41838639725	2831
34.433712439395	2890
34.44903848154	2860
34.464364523685	3059
34.47969056583	3115
34.495016607975	3222
34.51034265012	3303
34.525668692265	3367
34.54099473441	3390
34.556320776555	3557
34.5716468187	3462
34.586972860845	3441
34.60229890299	3518
34.617624945135	3450
34.63295098728	3489
34.648277029425	3506
34.66360307157	3593
34.678929113715	3579
34.69425515586	3580
34.709581198005	3639
34.72490724015	3589
34.740233282295	3715
34.75555932444	3896
34.770885366585	3957
34.78621140873	4135
34.801537450875	4139
34.81686349302	4298
34.832189535165	4263
34.84751557731	4489
34.862841619455	4336
34.8781676616	4511
34.893493703745	4581
34.90881974589	4594
34.924145788035	4558
34.93947183018	4450
34.954797872325	4182
34.97012391447	4004
34.985449956615	3944
35.00077599876	3802
35.016102040905	3609
35.03142808305	3382
35.046754125195	3112
35.06208016734	3105
35.077406209485	2840
35.09273225163	2634
35.108058293775	2568
35.12338433592	2393
35.138710378065	2312
35.15403642021	2164
35.169362462355	2068
35.1846885045	2005
35.200014546645	1864
35.21534058879	1702
35.230666630935	1783
35.24599267308	1602
35.261318715225	1622
35.27664475737	1576
35.291970799515	1470
35.30729684166	1465
35.322622883805	1441
35.33794892595	1373
35.353274968095	1498
35.36860101024	1408
35.383927052385	1325
35.39925309453	1362
35.414579136675	1327
35.42990517882	1378
35.445231220965	1336
35.46055726311	1381
35.475883305255	1260
35.4912093474	1244
35.506535389545	1301
35.52186143169	1176
35.537187473835	1246
35.55251351598	1156
35.567839558125	1114
35.58316560027	1183
35.598491642415	1102
35.61381768456	1096
35.629143726705	1098
35.64446976885	1162
35.659795810995	1100
35.67512185314	1050
35.690447895285	1054
35.70577393743	1054
35.721099979575	1045
35.73642602172	1075
35.751752063865	1066
35.76707810601	1131
35.782404148155	1108
35.7977301903	1067
35.813056232445	1071
35.82838227459	1106
35.843708316735	1151
35.85903435888	1169
35.874360401025	1173
35.88968644317	1129
35.905012485315	1120
35.92033852746	1120
35.935664569605	1158
35.95099061175	1192
35.966316653895	1149
35.98164269604	1174
35.996968738185	1182
36.01229478033	1149
36.027620822475	1102
36.04294686462	1159
36.058272906765	1161
36.07359894891	1111
36.088924991055	1042
36.1042510332	1033
36.119577075345	1017
36.13490311749	1048
36.150229159635	1086
36.16555520178	997
36.180881243925	1033
36.19620728607	1058
36.211533328215	1050
36.22685937036	1026
36.242185412505	1090
36.25751145465	1100
36.272837496795	1218
36.28816353894	1140
36.303489581085	1290
36.31881562323	1322
36.334141665375	1413
36.34946770752	1457
36.364793749665	1507
36.38011979181	1614
36.395445833955	1685
36.4107718761	1965
36.426097918245	2275
36.44142396039	2910
36.456750002535	3626
36.47207604468	4340
36.487402086825	5157
36.50272812897	5020
36.518054171115	4233
36.53338021326	3425
36.548706255405	3223
36.56403229755	3252
36.579358339695	3500
36.59468438184	3269
36.610010423985	2886
36.62533646613	2408
36.640662508275	1962
36.65598855042	1822
36.671314592565	1711
36.68664063471	1647
36.701966676855	1648
36.717292719	1668
36.732618761145	1670
36.74794480329	1546
36.763270845435	1570
36.77859688758	1490
36.793922929725	1522
36.80924897187	1479
36.824575014015	1499
36.83990105616	1508
36.855227098305	1484
36.87055314045	1556
36.885879182595	1478
36.90120522474	1455
36.916531266885	1449
36.93185730903	1503
36.947183351175	1437
36.96250939332	1569
36.977835435465	1472
36.99316147761	1501
37.008487519755	1563
37.0238135619	1501
37.039139604045	1492
37.05446564619	1502
37.069791688335	1439
37.08511773048	1483
37.100443772625	1480
37.11576981477	1440
37.131095856915	1472
37.14642189906	1421
37.161747941205	1479
37.17707398335	1491
37.192400025495	1517
37.20772606764	1567
37.223052109785	1571
37.23837815193	1565
37.253704194075	1526
37.26903023622	1601
37.284356278365	1623
37.29968232051	1661
37.315008362655	1678
37.3303344048	1735
37.345660446945	1753
37.36098648909	1763
37.376312531235	1765
37.39163857338	1801
37.406964615525	1772
37.42229065767	1921
37.437616699815	1928
37.45294274196	1865
37.468268784105	1944
37.48359482625	1956
37.498920868395	1997
37.51424691054	1960
37.529572952685	2012
37.54489899483	2077
37.560225036975	1979
37.57555107912	1981
37.590877121265	2166
37.60620316341	2080
37.621529205555	2056
37.6368552477	2052
37.652181289845	2083
37.66750733199	2054
37.682833374135	2083
37.69815941628	1975
37.713485458425	2024
37.72881150057	1932
37.744137542715	1924
37.75946358486	1882
37.774789627005	1855
37.79011566915	1804
37.805441711295	1710
37.82076775344	1594
37.836093795585	1634
37.85141983773	1532
37.866745879875	1467
37.88207192202	1444
37.897397964165	1310
37.91272400631	1271
37.928050048455	1262
37.9433760906	1166
37.958702132745	1195
37.97402817489	1137
37.989354217035	1152
38.00468025918	1051
38.020006301325	1086
38.03533234347	1040
38.050658385615	1066
38.06598442776	1041
38.081310469905	1002
38.09663651205	1076
38.111962554195	1006
38.12728859634	1026
38.142614638485	952
38.15794068063	980
38.173266722775	936
38.18859276492	981
38.203918807065	870
38.21924484921	991
38.234570891355	891
38.2498969335	934
38.265222975645	945
38.28054901779	897
38.295875059935	949
38.31120110208	921
38.326527144225	948
38.34185318637	941
38.357179228515	903
38.37250527066	947
38.387831312805	894
38.40315735495	916
38.418483397095	956
38.43380943924	912
38.449135481385	910
38.46446152353	914
38.479787565675	933
38.49511360782	907
38.510439649965	939
38.52576569211	913
38.541091734255	852
38.5564177764	841
38.571743818545	865
38.58706986069	853
38.602395902835	899
38.61772194498	862
38.633047987125	854
38.64837402927	857
38.663700071415	813
38.67902611356	776
38.694352155705	726
38.70967819785	723
38.725004239995	735
38.74033028214	692
38.755656324285	738
38.77098236643	723
38.786308408575	709
38.80163445072	688
38.816960492865	701
38.83228653501	719
38.847612577155	665
38.8629386193	628
38.878264661445	684
38.89359070359	658
38.908916745735	608
38.92424278788	605
38.939568830025	681
38.95489487217	666
38.970220914315	662
38.98554695646	697
39.000872998605	664
39.01619904075	668
39.031525082895	661
39.04685112504	690
39.062177167185	722
39.07750320933	667
39.092829251475	705
39.10815529362	707
39.123481335765	741
39.13880737791	677
39.154133420055	711
39.1694594622	771
39.184785504345	748
39.20011154649	813
39.215437588635	803
39.23076363078	767
39.246089672925	890
39.26141571507	843
39.276741757215	872
39.29206779936	878
39.307393841505	971
39.32271988365	1160
39.338045925795	1344
39.35337196794	1628
39.368698010085	2191
39.38402405223	2940
39.399350094375	3553
39.41467613652	3989
39.430002178665	3708
39.44532822081	3068
39.460654262955	2338
39.4759803051	2038
39.491306347245	2295
39.50663238939	2446
39.521958431535	2413
39.53728447368	2126
39.552610515825	1719
39.56793655797	1276
39.583262600115	1048
39.59858864226	991
39.613914684405	917
39.62924072655	965
39.644566768695	838
39.65989281084	857
39.675218852985	869
39.69054489513	918
39.705870937275	890
39.72119697942	870
39.736523021565	934
39.75184906371	936
39.767175105855	985
39.782501148	965
39.797827190145	1001
39.81315323229	1001
39.828479274435	1028
39.84380531658	1057
39.859131358725	1072
39.87445740087	1141
39.889783443015	1218
39.90510948516	1204
39.920435527305	1282
39.93576156945	1207
39.951087611595	1172
39.96641365374	1222
39.981739695885	1165
39.99706573803	1184
40.012391780175	1193
40.02771782232	1217
40.043043864465	1219
40.05836990661	1155
40.073695948755	1126
40.0890219909	1145
40.104348033045	1131
40.11967407519	1171
40.135000117335	1160
40.15032615948	1296
40.165652201625	1364
40.18097824377	1604
40.196304285915	1958
40.21163032806	2376
40.226956370205	2726
40.24228241235	2769
40.257608454495	2325
40.27293449664	1985
40.288260538785	1720
40.30358658093	1642
40.318912623075	1741
40.33423866522	1822
40.349564707365	1779
40.36489074951	1579
40.380216791655	1360
40.3955428338	1090
40.410868875945	1015
40.42619491809	943
40.441520960235	970
40.45684700238	966
40.472173044525	957
40.48749908667	965
40.502825128815	908
40.51815117096	892
40.533477213105	919
40.54880325525	865
40.564129297395	829
40.57945533954	867
40.594781381685	942
40.61010742383	936
40.625433465975	934
40.64075950812	920
40.656085550265	900
40.67141159241	953
40.686737634555	962
40.7020636767	936
40.717389718845	1022
40.73271576099	966
40.748041803135	1018
40.76336784528	1007
40.778693887425	1003
40.79401992957	995
40.809345971715	1004
40.82467201386	1006
40.839998056005	953
40.85532409815	974
40.870650140295	988
40.88597618244	977
40.901302224585	938
40.91662826673	943
40.931954308875	1015
40.94728035102	986
40.962606393165	961
40.97793243531	953
40.993258477455	1001
41.0085845196	936
41.023910561745	957
41.03923660389	965
41.054562646035	953
41.06988868818	943
41.085214730325	948
41.10054077247	925
41.115866814615	964
41.13119285676	983
41.146518898905	938
41.16184494105	928
41.177170983195	980
41.19249702534	958
41.207823067485	986
41.22314910963	969
41.238475151775	973
41.25380119392	921
41.269127236065	1067
41.28445327821	1021
41.299779320355	916
41.3151053625	923
41.330431404645	925
41.34575744679	918
41.361083488935	927
41.37640953108	970
41.391735573225	897
41.40706161537	880
41.422387657515	924
41.43771369966	881
41.453039741805	955
41.46836578395	955
41.483691826095	909
41.49901786824	939
41.514343910385	930
41.52966995253	931
41.544995994675	977
41.56032203682	1004
41.575648078965	979
41.59097412111	1090
41.606300163255	1078
41.6216262054	1041
41.636952247545	1037
41.65227828969	1059
41.667604331835	1123
41.68293037398	1109
41.698256416125	1152
41.71358245827	1139
41.728908500415	1217
41.74423454256	1190
41.759560584705	1131
41.77488662685	1098
41.790212668995	1106
41.80553871114	1115
41.820864753285	1072
41.83619079543	1131
41.851516837575	1097
41.86684287972	1207
41.882168921865	1182
41.89749496401	1146
41.912821006155	1169
41.9281470483	1207
41.943473090445	1142
41.95879913259	1118
41.974125174735	1170
41.98945121688	1182
42.004777259025	1131
42.02010330117	1110
42.035429343315	1162
42.05075538546	1066
42.066081427605	1124
42.08140746975	1158
42.096733511895	1090
42.11205955404	1122
42.127385596185	1097
42.14271163833	1190
42.158037680475	1071
42.17336372262	1210
42.188689764765	1210
42.20401580691	1223
42.219341849055	1242
42.2346678912	1384
42.249993933345	1397
42.26531997549	1441
42.280646017635	1546
42.29597205978	1662
42.311298101925	1765
42.32662414407	2035
42.341950186215	2356
42.35727622836	2756
42.372602270505	3122
42.38792831265	3572
42.403254354795	3535
42.41858039694	3330
42.433906439085	2824
42.44923248123	2350
42.464558523375	2241
42.47988456552	2217
42.495210607665	2297
42.51053664981	2182
42.525862691955	2155
42.5411887341	1781
42.556514776245	1479
42.57184081839	1257
42.587166860535	1186
42.60249290268	1147
42.617818944825	1055
42.63314498697	1007
42.648471029115	1002
42.66379707126	991
42.679123113405	1007
42.69444915555	905
42.709775197695	897
42.72510123984	932
42.740427281985	881
42.75575332413	878
42.771079366275	852
42.78640540842	882
42.801731450565	845
42.81705749271	856
42.832383534855	797
42.847709577	796
42.863035619145	801
42.87836166129	772
42.893687703435	772
42.90901374558	724
42.924339787725	779
42.93966582987	793
42.954991872015	720
42.97031791416	746
42.985643956305	749
43.00096999845	737
43.016296040595	761
43.03162208274	716
43.046948124885	692
43.06227416703	739
43.077600209175	718
43.09292625132	742
43.108252293465	722
43.12357833561	698
43.138904377755	722
43.1542304199	731
43.169556462045	697
43.18488250419	612
43.200208546335	661
43.21553458848	630
43.230860630625	667
43.24618667277	679
43.261512714915	668
43.27683875706	711
43.292164799205	634
43.30749084135	640
43.322816883495	716
43.33814292564	634
43.353468967785	677
43.36879500993	699
43.384121052075	682
43.39944709422	702
43.414773136365	679
43.43009917851	653
43.445425220655	706
43.4607512628	746
43.476077304945	708
43.49140334709	707
43.506729389235	743
43.52205543138	787
43.537381473525	700
43.55270751567	700
43.568033557815	777
43.58335959996	783
43.598685642105	732
43.61401168425	690
43.629337726395	799
43.64466376854	730
43.659989810685	751
43.67531585283	739
43.690641894975	765
43.70596793712	719
43.721293979265	712
43.73662002141	676
43.751946063555	711
43.7672721057	703
43.782598147845	736
43.79792418999	695
43.813250232135	693
43.82857627428	744
43.843902316425	730
43.85922835857	701
43.874554400715	711
43.88988044286	751
43.905206485005	786
43.92053252715	766
43.935858569295	769
43.95118461144	775
43.966510653585	727
43.98183669573	782
43.997162737875	766
44.01248878002	746
44.027814822165	778
44.04314086431	784
44.058466906455	738
44.0737929486	745
44.089118990745	709
44.10444503289	720
44.119771075035	779
44.13509711718	750
44.150423159325	745
44.16574920147	785
44.181075243615	733
44.19640128576	748
44.211727327905	733
44.22705337005	672
44.242379412195	657
44.25770545434	662
44.273031496485	690
44.28835753863	646
44.303683580775	643
44.31900962292	666
44.334335665065	709
44.34966170721	677
44.364987749355	663
44.3803137915	687
44.395639833645	702
44.41096587579	675
44.426291917935	702
44.44161796008	676
44.456944002225	723
44.47227004437	723
44.487596086515	733
44.50292212866	731
44.518248170805	722
44.53357421295	727
44.548900255095	783
44.56422629724	729
44.579552339385	725
44.59487838153	753
44.610204423675	809
44.62553046582	777
44.640856507965	786
44.65618255011	770
44.671508592255	769
44.6868346344	823
44.702160676545	891
44.71748671869	796
44.732812760835	815
44.74813880298	854
44.763464845125	850
44.77879088727	853
44.794116929415	858
44.80944297156	916
44.824769013705	925
44.84009505585	981
44.855421097995	958
44.87074714014	1012
44.886073182285	965
44.90139922443	923
44.916725266575	986
44.93205130872	1018
44.947377350865	1005
44.96270339301	1063
44.978029435155	1018
44.9933554773	1097
45.008681519445	1131
45.02400756159	1094
45.039333603735	1032
45.05465964588	1146
45.069985688025	1151
45.08531173017	1169
45.100637772315	1109
45.11596381446	1205
45.131289856605	1151
45.14661589875	1158
45.161941940895	1223
45.17726798304	1150
45.192594025185	1258
45.20792006733	1272
45.223246109475	1353
45.23857215162	1313
45.253898193765	1385
45.26922423591	1397
45.284550278055	1339
45.2998763202	1486
45.315202362345	1500
45.33052840449	1492
45.345854446635	1562
45.36118048878	1589
45.376506530925	1580
45.39183257307	1607
45.407158615215	1584
45.42248465736	1605
45.437810699505	1478
45.45313674165	1503
45.468462783795	1490
45.48378882594	1487
45.499114868085	1463
45.51444091023	1396
45.529766952375	1342
45.54509299452	1445
45.560419036665	1417
45.57574507881	1394
45.591071120955	1335
45.6063971631	1305
45.621723205245	1466
45.63704924739	1459
45.652375289535	1499
45.66770133168	1559
45.683027373825	1794
45.69835341597	2053
45.713679458115	2383
45.72900550026	2653
45.744331542405	2689
45.75965758455	2430
45.774983626695	2203
45.79030966884	1890
45.805635710985	1721
45.82096175313	1804
45.836287795275	1938
45.85161383742	2070
45.866939879565	1964
45.88226592171	1898
45.897591963855	1596
45.912918006	1490
45.928244048145	1362
45.94357009029	1341
45.958896132435	1240
45.97422217458	1199
45.989548216725	1143
46.00487425887	1130
46.020200301015	1124
46.03552634316	1150
46.050852385305	1103
46.06617842745	1041
46.081504469595	924
46.09683051174	1014
46.112156553885	932
46.12748259603	903
46.142808638175	925
46.15813468032	930
46.173460722465	882
46.18878676461	845
46.204112806755	823
46.2194388489	815
46.234764891045	790
46.25009093319	816
46.265416975335	810
46.28074301748	790
46.296069059625	835
46.31139510177	830
46.326721143915	792
46.34204718606	752
46.357373228205	736
46.37269927035	785
46.388025312495	770
46.40335135464	798
46.418677396785	755
46.43400343893	748
46.449329481075	759
46.46465552322	782
46.479981565365	758
46.49530760751	767
46.510633649655	812
46.5259596918	745
46.541285733945	743
46.55661177609	756
46.571937818235	721
46.58726386038	712
46.602589902525	706
46.61791594467	711
46.633241986815	692
46.64856802896	704
46.663894071105	708
46.67922011325	648
46.694546155395	669
46.70987219754	701
46.725198239685	612
46.74052428183	673
46.755850323975	650
46.77117636612	674
46.786502408265	665
46.80182845041	659
46.817154492555	630
46.8324805347	676
46.847806576845	601
46.86313261899	651
46.878458661135	667
46.89378470328	687
46.909110745425	657
46.92443678757	654
46.939762829715	708
46.95508887186	675
46.970414914005	639
46.98574095615	664
47.001066998295	695
47.01639304044	706
47.031719082585	645
47.04704512473	704
47.062371166875	644
47.07769720902	642
47.093023251165	658
47.10834929331	622
47.123675335455	609
47.1390013776	638
47.154327419745	562
47.16965346189	660
47.184979504035	583
47.20030554618	583
47.215631588325	609
47.23095763047	525
47.246283672615	530
47.26160971476	573
47.276935756905	587
47.29226179905	494
47.307587841195	528
47.32291388334	524
47.338239925485	569
47.35356596763	559
47.368892009775	595
47.38421805192	562
47.399544094065	577
47.41487013621	597
47.430196178355	560
47.4455222205	554
47.460848262645	549
47.47617430479	520
47.491500346935	528
47.50682638908	549
47.522152431225	563
47.53747847337	507
47.552804515515	525
47.56813055766	516
47.583456599805	556
47.59878264195	523
47.614108684095	516
47.62943472624	513
47.644760768385	464
47.66008681053	504
47.675412852675	502
47.69073889482	506
47.706064936965	507
47.72139097911	554
47.736717021255	501
47.7520430634	486
47.767369105545	537
47.78269514769	535
47.798021189835	538
47.81334723198	528
47.828673274125	562
47.84399931627	602
47.859325358415	590
47.87465140056	584
47.889977442705	656
47.90530348485	638
47.920629526995	659
47.93595556914	694
47.951281611285	700
47.96660765343	718
47.981933695575	693
47.99725973772	669
48.012585779865	658
48.02791182201	678
48.043237864155	656
48.0585639063	651
48.073889948445	645
48.08921599059	656
48.104542032735	614
48.11986807488	654
48.135194117025	594
48.15052015917	623
48.165846201315	528
48.18117224346	541
48.196498285605	575
48.21182432775	566
48.227150369895	575
48.24247641204	553
48.257802454185	542
48.27312849633	530
48.288454538475	540
48.30378058062	529
48.319106622765	494
48.33443266491	528
48.349758707055	510
48.3650847492	507
48.380410791345	527
48.39573683349	504
48.411062875635	505
48.42638891778	474
48.441714959925	472
48.45704100207	482
48.472367044215	469
48.48769308636	536
48.503019128505	493
48.51834517065	528
48.533671212795	503
48.54899725494	519
48.564323297085	451
48.57964933923	521
48.594975381375	480
48.61030142352	502
48.625627465665	494
48.64095350781	499
48.656279549955	515
48.6716055921	505
48.686931634245	483
48.70225767639	522
48.717583718535	483
48.73290976068	472
48.748235802825	509
48.76356184497	524
48.778887887115	502
48.79421392926	539
48.809539971405	508
48.82486601355	530
48.840192055695	460
48.85551809784	494
48.870844139985	508
48.88617018213	517
48.901496224275	504
48.91682226642	495
48.932148308565	484
48.94747435071	540
48.962800392855	550
48.978126435	501
48.993452477145	492
49.00877851929	522
49.024104561435	513
49.03943060358	521
49.054756645725	580
49.07008268787	526
49.085408730015	541
49.10073477216	530
49.116060814305	589
49.13138685645	559
49.146712898595	534
49.16203894074	506
49.177364982885	571
49.19269102503	530
49.208017067175	504
49.22334310932	524
49.238669151465	539
49.25399519361	523
49.269321235755	512
49.2846472779	528
49.299973320045	537
49.31529936219	473
49.330625404335	475
49.34595144648	545
49.361277488625	526
49.37660353077	506
49.391929572915	467
49.40725561506	519
49.422581657205	501
49.43790769935	524
49.453233741495	582
49.46855978364	472
49.483885825785	474
49.49921186793	485
49.514537910075	503
49.52986395222	532
49.545189994365	504
49.56051603651	492
49.575842078655	519
49.5911681208	546
49.606494162945	480
49.62182020509	473
49.637146247235	495
49.65247228938	481
49.667798331525	492
49.68312437367	494
49.698450415815	487
49.71377645796	515
49.729102500105	554
49.74442854225	510
49.759754584395	547
49.77508062654	517
49.790406668685	528
49.80573271083	583
49.821058752975	596
49.83638479512	644
49.851710837265	662
49.86703687941	649
49.882362921555	685
49.8976889637	716
49.913015005845	773
49.92834104799	761
49.943667090135	858
49.95899313228	897
49.974319174425	1097
49.98964521657	1380
50.004971258715	1763
50.02029730086	2447
50.035623343005	3340
50.05094938515	4507
50.066275427295	5731
50.08160146944	6349
50.096927511585	5817
50.11225355373	4709
50.127579595875	3561
50.14290563802	2687
50.158231680165	2534
50.17355772231	2673
50.188883764455	3005
50.2042098066	3455
50.219535848745	3548
50.23486189089	3064
50.250187933035	2421
50.26551397518	1778
50.280840017325	1204
50.29616605947	1039
50.311492101615	864
50.32681814376	762
50.342144185905	618
50.35747022805	640
50.372796270195	612
50.38812231234	637
50.403448354485	669
50.41877439663	659
50.434100438775	656
50.44942648092	665
50.464752523065	690
50.48007856521	697
50.495404607355	765
50.5107306495	741
50.526056691645	784
50.54138273379	843
50.556708775935	834
50.57203481808	787
50.587360860225	801
50.60268690237	790
50.618012944515	823
50.63333898666	844
50.648665028805	787
50.66399107095	821
50.679317113095	809
50.69464315524	822
50.709969197385	785
50.72529523953	826
50.740621281675	756
50.75594732382	765
50.771273365965	746
50.78659940811	734
50.801925450255	717
50.8172514924	656
50.832577534545	703
50.84790357669	662
50.863229618835	636
50.87855566098	668
50.893881703125	634
50.90920774527	564
50.924533787415	565
50.93985982956	533
50.955185871705	568
50.97051191385	570
50.985837955995	497
51.00116399814	531
51.016490040285	489
51.03181608243	512
51.047142124575	474
51.06246816672	439
51.077794208865	491
51.09312025101	512
51.108446293155	450
51.1237723353	528
51.139098377445	482
51.15442441959	439
51.169750461735	467
51.18507650388	469
51.200402546025	422
51.21572858817	428
51.231054630315	437
51.24638067246	462
51.261706714605	466
51.27703275675	385
51.292358798895	420
51.30768484104	438
51.323010883185	436
51.33833692533	479
51.353662967475	463
51.36898900962	428
51.384315051765	426
51.39964109391	431
51.414967136055	383
51.4302931782	417
51.445619220345	420
51.46094526249	398
51.476271304635	426
51.49159734678	423
51.506923388925	408
51.52224943107	446
51.537575473215	407
51.55290151536	427
51.568227557505	377
51.58355359965	464
51.598879641795	435
51.61420568394	417
51.629531726085	375
51.64485776823	438
51.660183810375	424
51.67550985252	395
51.690835894665	442
51.70616193681	407
51.721487978955	418
51.7368140211	428
51.752140063245	431
51.76746610539	396
51.782792147535	408
51.79811818968	430
51.813444231825	413
51.82877027397	436
51.844096316115	414
51.85942235826	417
51.874748400405	361
51.89007444255	422
51.905400484695	407
51.92072652684	437
51.936052568985	379
51.95137861113	422
51.966704653275	405
51.98203069542	414
51.997356737565	437
52.01268277971	427
52.028008821855	451
52.043334864	433
52.058660906145	420
52.07398694829	430
52.089312990435	484
52.10463903258	454
52.119965074725	469
52.13529111687	462
52.150617159015	448
52.16594320116	473
52.181269243305	479
52.19659528545	489
52.211921327595	510
52.22724736974	541
52.242573411885	499
52.25789945403	517
52.273225496175	545
52.28855153832	506
52.303877580465	538
52.31920362261	491
52.334529664755	490
52.3498557069	489
52.365181749045	490
52.38050779119	529
52.395833833335	504
52.41115987548	536
52.426485917625	533
52.44181195977	529
52.457138001915	551
52.47246404406	557
52.487790086205	496
52.50311612835	499
52.518442170495	517
52.53376821264	508
52.549094254785	494
52.56442029693	528
52.579746339075	518
52.59507238122	557
52.610398423365	574
52.62572446551	544
52.641050507655	559
52.6563765498	569
52.671702591945	578
52.68702863409	600
52.702354676235	594
52.71768071838	603
52.733006760525	604
52.74833280267	609
52.763658844815	598
52.77898488696	658
52.794310929105	610
52.80963697125	661
52.824963013395	631
52.84028905554	599
52.855615097685	618
52.87094113983	579
52.886267181975	603
52.90159322412	636
52.916919266265	613
52.93224530841	643
52.947571350555	624
52.9628973927	623
52.978223434845	552
52.99354947699	574
53.008875519135	575
53.02420156128	592
53.039527603425	567
53.05485364557	587
53.070179687715	558
53.08550572986	594
53.100831772005	563
53.11615781415	518
53.131483856295	571
53.14680989844	585
53.162135940585	572
53.17746198273	634
53.192788024875	646
53.20811406702	641
53.223440109165	643
53.23876615131	668
53.254092193455	567
53.2694182356	676
53.284744277745	661
53.30007031989	653
53.315396362035	651
53.33072240418	680
53.346048446325	681
53.36137448847	681
53.376700530615	718
53.39202657276	712
53.407352614905	701
53.42267865705	734
53.438004699195	746
53.45333074134	706
53.468656783485	728
53.48398282563	687
53.499308867775	751
53.51463490992	750
53.529960952065	791
53.54528699421	757
53.560613036355	808
53.5759390785	816
53.591265120645	812
53.60659116279	848
53.621917204935	898
53.63724324708	844
53.652569289225	828
53.66789533137	896
53.683221373515	930
53.69854741566	905
53.713873457805	931
53.72919949995	948
53.744525542095	951
53.75985158424	948
53.775177626385	920
53.79050366853	1003
53.805829710675	1042
53.82115575282	1033
53.836481794965	953
53.85180783711	957
53.867133879255	967
53.8824599214	901
53.897785963545	971
53.91311200569	946
53.928438047835	991
53.94376408998	966
53.959090132125	957
53.97441617427	1022
53.989742216415	1000
54.00506825856	1008
54.020394300705	919
54.03572034285	913
54.051046384995	938
54.06637242714	939
54.081698469285	950
54.09702451143	963
54.112350553575	927
54.12767659572	974
54.143002637865	898
54.15832868001	959
54.173654722155	943
54.1889807643	929
54.204306806445	938
54.21963284859	967
54.234958890735	989
54.25028493288	1015
54.265610975025	987
54.28093701717	981
54.296263059315	991
54.31158910146	926
54.326915143605	918
54.34224118575	939
54.357567227895	982
54.37289327004	905
54.388219312185	950
54.40354535433	937
54.418871396475	941
54.43419743862	956
54.449523480765	945
54.46484952291	906
54.480175565055	950
54.4955016072	914
54.510827649345	867
54.52615369149	917
54.541479733635	962
54.55680577578	976
54.572131817925	929
54.58745786007	970
54.602783902215	958
54.61810994436	972
54.633435986505	987
54.64876202865	1064
54.664088070795	1064
54.67941411294	1160
54.694740155085	1130
54.71006619723	1235
54.725392239375	1320
54.74071828152	1415
54.756044323665	1606
54.77137036581	2013
54.786696407955	2167
54.8020224501	2593
54.817348492245	2784
54.83267453439	2590
54.848000576535	2296
54.86332661868	1920
54.878652660825	1755
54.89397870297	1645
54.909304745115	1635
54.92463078726	1744
54.939956829405	1908
54.95528287155	1994
54.970608913695	2043
54.98593495584	1968
55.001260997985	1814
55.01658704013	1576
55.031913082275	1544
55.04723912442	1343
55.062565166565	1347
55.07789120871	1357
55.093217250855	1302
55.108543293	1371
55.123869335145	1377
55.13919537729	1360
55.154521419435	1376
55.16984746158	1393
55.185173503725	1454
55.20049954587	1466
55.215825588015	1535
55.23115163016	1733
55.246477672305	1721
55.26180371445	1912
55.277129756595	2027
55.29245579874	1863
55.307781840885	1717
55.32310788303	1479
55.338433925175	1431
55.35375996732	1472
55.369086009465	1490
55.38441205161	1456
55.399738093755	1523
55.4150641359	1532
55.430390178045	1548
55.44571622019	1530
55.461042262335	1468
55.47636830448	1413
55.491694346625	1318
55.50702038877	1319
55.522346430915	1243
55.53767247306	1230
55.552998515205	1288
55.56832455735	1336
55.583650599495	1299
55.59897664164	1320
55.614302683785	1320
55.62962872593	1270
55.644954768075	1293
55.66028081022	1383
55.675606852365	1401
55.69093289451	1408
55.706258936655	1445
55.7215849788	1399
55.736911020945	1387
55.75223706309	1351
55.767563105235	1364
55.78288914738	1361
55.798215189525	1411
55.81354123167	1329
55.828867273815	1243
55.84419331596	1306
55.859519358105	1342
55.87484540025	1343
55.890171442395	1253
55.90549748454	1246
55.920823526685	1218
55.93614956883	1228
55.951475610975	1168
55.96680165312	1185
55.982127695265	1183
55.99745373741	1148
56.012779779555	1175
56.0281058217	1093
56.043431863845	1104
56.05875790599	1109
56.074083948135	1094
56.08940999028	1079
56.104736032425	1105
56.12006207457	1094
56.135388116715	1053
56.15071415886	1090
56.166040201005	1095
56.18136624315	1104
56.196692285295	988
56.21201832744	1094
56.227344369585	1040
56.24267041173	1059
56.257996453875	1027
56.27332249602	1066
56.288648538165	1086
56.30397458031	1064
56.319300622455	1014
56.3346266646	1069
56.349952706745	1081
56.36527874889	996
56.380604791035	1024
56.39593083318	1005
56.411256875325	994
56.42658291747	1046
56.441908959615	994
56.45723500176	941
56.472561043905	983
56.48788708605	1024
56.503213128195	966
56.51853917034	987
56.533865212485	994
56.54919125463	947
56.564517296775	959
56.57984333892	949
56.595169381065	917
56.61049542321	975
56.625821465355	950
56.6411475075	943
56.656473549645	938
56.67179959179	925
56.687125633935	958
56.70245167608	957
56.717777718225	911
56.73310376037	894
56.748429802515	918
56.76375584466	888
56.779081886805	870
56.79440792895	894
56.809733971095	866
56.82506001324	875
56.840386055385	850
56.85571209753	846
56.871038139675	826
56.88636418182	847
56.901690223965	773
56.91701626611	883
56.932342308255	775
56.9476683504	856
56.962994392545	805
56.97832043469	796
56.993646476835	800
57.00897251898	779
57.024298561125	775
57.03962460327	811
57.054950645415	761
57.07027668756	726
57.085602729705	824
57.10092877185	759
57.116254813995	754
57.13158085614	806
57.146906898285	864
57.16223294043	859
57.177558982575	872
57.19288502472	873
57.208211066865	770
57.22353710901	776
57.238863151155	784
57.2541891933	815
57.269515235445	809
57.28484127759	763
57.300167319735	818
57.31549336188	788
57.330819404025	869
57.34614544617	853
57.361471488315	810
57.37679753046	795
57.392123572605	823
57.40744961475	805
57.422775656895	719
57.43810169904	797
57.453427741185	759
57.46875378333	829
57.484079825475	744
57.49940586762	746
57.514731909765	797
57.53005795191	778
57.545383994055	814
57.5607100362	731
57.576036078345	784
57.59136212049	756
57.606688162635	731
57.62201420478	764
57.637340246925	734
57.65266628907	721
57.667992331215	688
57.68331837336	742
57.698644415505	714
57.71397045765	747
57.729296499795	757
57.74462254194	743
57.759948584085	707
57.77527462623	722
57.790600668375	710
57.80592671052	735
57.821252752665	729
57.83657879481	688
57.851904836955	633
57.8672308791	696
57.882556921245	715
57.89788296339	645
57.913209005535	655
57.92853504768	647
57.943861089825	679
57.95918713197	665
57.974513174115	610
57.98983921626	666
58.005165258405	637
58.02049130055	663
58.035817342695	665
58.05114338484	712
58.066469426985	621
58.08179546913	651
58.097121511275	643
58.11244755342	602
58.127773595565	640
58.14309963771	616
58.158425679855	630
58.173751722	595
58.189077764145	624
58.20440380629	655
58.219729848435	645
58.23505589058	647
58.250381932725	651
58.26570797487	619
58.281034017015	593
58.29636005916	644
58.311686101305	635
58.32701214345	619
58.342338185595	621
58.35766422774	671
58.372990269885	640
58.38831631203	603
58.403642354175	653
58.41896839632	672
58.434294438465	694
58.44962048061	678
58.464946522755	686
58.4802725649	635
58.495598607045	667
58.51092464919	653
58.526250691335	679
58.54157673348	681
58.556902775625	682
58.57222881777	678
58.587554859915	720
58.60288090206	678
58.618206944205	710
58.63353298635	676
58.648859028495	736
58.66418507064	733
58.679511112785	720
58.69483715493	745
58.710163197075	750
58.72548923922	690
58.740815281365	708
58.75614132351	727
58.771467365655	764
58.7867934078	740
58.802119449945	739
58.81744549209	689
58.832771534235	700
58.84809757638	713
58.863423618525	741
58.87874966067	708
58.894075702815	738
58.90940174496	699
58.924727787105	736
58.94005382925	716
58.955379871395	731
58.97070591354	658
58.986031955685	711
59.00135799783	683
59.016684039975	687
59.03201008212	715
59.047336124265	746
59.06266216641	682
59.077988208555	719
59.0933142507	700
59.108640292845	757
59.12396633499	734
59.139292377135	717
59.15461841928	734
59.169944461425	762
59.18527050357	726
59.200596545715	760
59.21592258786	779
59.231248630005	746
59.24657467215	770
59.261900714295	757
59.27722675644	745
59.292552798585	705
59.30787884073	742
59.323204882875	775
59.33853092502	788
59.353856967165	712
59.36918300931	758
59.384509051455	725
59.3998350936	801
59.415161135745	768
59.43048717789	727
59.445813220035	792
59.46113926218	834
59.476465304325	811
59.49179134647	786
59.507117388615	807
59.52244343076	814
59.537769472905	829
59.55309551505	823
59.568421557195	834
59.58374759934	835
59.599073641485	854
59.61439968363	918
59.629725725775	926
59.64505176792	924
59.660377810065	893
59.67570385221	938
59.691029894355	961
59.7063559365	1027
59.721681978645	1036
59.73700802079	1071
59.752334062935	1138
59.76766010508	1211
59.782986147225	1343
59.79831218937	1579
59.813638231515	1725
59.82896427366	2232
59.844290315805	2763
59.85961635795	3399
59.874942400095	4100
59.89026844224	4553
59.905594484385	4718
59.92092052653	4238
59.936246568675	3472
59.95157261082	2756
59.966898652965	2340
59.98222469511	2055
59.997550737255	2190
60.0128767794	2335
60.028202821545	2571
60.04352886369	2775
60.058854905835	2950
60.07418094798	2849
60.089506990125	2626
60.10483303227	2167
60.120159074415	1674
60.13548511656	1525
60.150811158705	1366
60.16613720085	1237
60.181463242995	1150
60.19678928514	1070
60.212115327285	1046
60.22744136943	1086
60.242767411575	1010
60.25809345372	985
60.273419495865	920
60.28874553801	914
60.304071580155	950
60.3193976223	951
60.334723664445	909
60.35004970659	828
60.365375748735	904
60.38070179088	869
60.396027833025	871
60.41135387517	895
60.426679917315	870
60.44200595946	888
60.457332001605	864
60.47265804375	872
60.487984085895	886
60.50331012804	866
60.518636170185	854
60.53396221233	873
60.549288254475	877
60.56461429662	935
60.579940338765	879
60.59526638091	908
60.610592423055	878
60.6259184652	902
60.641244507345	857
60.65657054949	923
60.671896591635	926
60.68722263378	861
60.702548675925	889
60.71787471807	892
60.733200760215	926
60.74852680236	912
60.763852844505	943
60.77917888665	950
60.794504928795	886
60.80983097094	938
60.825157013085	940
60.84048305523	899
60.855809097375	879
60.87113513952	912
60.886461181665	966
60.90178722381	906
60.917113265955	897
60.9324393081	920
60.947765350245	950
60.96309139239	926
60.978417434535	921
60.99374347668	921
61.009069518825	896
61.02439556097	993
61.039721603115	990
61.05504764526	969
61.070373687405	1027
61.08569972955	1000
61.101025771695	1047
61.11635181384	995
61.131677855985	1088
61.14700389813	1069
61.162329940275	1166
61.17765598242	1136
61.192982024565	1103
61.20830806671	1145
61.223634108855	1175
61.238960151	1240
61.254286193145	1234
61.26961223529	1329
61.284938277435	1307
61.30026431958	1395
61.315590361725	1384
61.33091640387	1439
61.346242446015	1485
61.36156848816	1480
61.376894530305	1538
61.39222057245	1593
61.407546614595	1657
61.42287265674	1602
61.438198698885	1740
61.45352474103	1793
61.468850783175	1827
61.48417682532	1917
61.499502867465	1980
61.51482890961	2012
61.530154951755	2034
61.5454809939	2120
61.560807036045	2124
61.57613307819	2131
61.591459120335	2162
61.60678516248	2094
61.622111204625	2157
61.63743724677	2166
61.652763288915	2207
61.66808933106	2066
61.683415373205	2091
61.69874141535	2036
61.714067457495	2068
61.72939349964	2018
61.744719541785	1917
61.76004558393	1967
61.775371626075	1837
61.79069766822	1839
61.806023710365	1776
61.82134975251	1718
61.836675794655	1689
61.8520018368	1571
61.867327878945	1585
61.88265392109	1524
61.897979963235	1487
61.91330600538	1394
61.928632047525	1373
61.94395808967	1343
61.959284131815	1405
61.97461017396	1271
61.989936216105	1218
62.00526225825	1166
62.020588300395	1184
62.03591434254	1144
62.051240384685	1168
62.06656642683	1040
62.081892468975	1095
62.09721851112	1083
62.112544553265	1089
62.12787059541	1085
62.143196637555	1039
62.1585226797	1032
62.173848721845	1042
62.18917476399	980
62.204500806135	1000
62.21982684828	1059
62.235152890425	976
62.25047893257	990
62.265804974715	981
62.28113101686	993
62.296457059005	913
62.31178310115	942
62.327109143295	965
62.34243518544	922
62.357761227585	900
62.37308726973	941
62.388413311875	929
62.40373935402	945
62.419065396165	891
62.43439143831	831
62.449717480455	867
62.4650435226	887
62.480369564745	835
62.49569560689	833
62.511021649035	874
62.52634769118	825
62.541673733325	826
62.55699977547	836
62.572325817615	827
62.58765185976	782
62.602977901905	812
62.61830394405	826
62.633629986195	858
62.64895602834	819
62.664282070485	752
62.67960811263	711
62.694934154775	774
62.71026019692	763
62.725586239065	770
62.74091228121	745
62.756238323355	726
62.7715643655	684
62.786890407645	689
62.80221644979	643
62.817542491935	752
62.83286853408	687
62.848194576225	676
62.86352061837	648
62.878846660515	642
62.89417270266	656
62.909498744805	658
62.92482478695	662
62.940150829095	618
62.95547687124	614
62.970802913385	631
62.98612895553	601
63.001454997675	605
63.01678103982	609
63.032107081965	596
63.04743312411	575
63.062759166255	627
63.0780852084	578
63.093411250545	563
63.10873729269	562
63.124063334835	574
63.13938937698	551
63.154715419125	542
63.17004146127	585
63.185367503415	575
63.20069354556	550
63.216019587705	539
63.23134562985	545
63.246671671995	569
63.26199771414	570
63.277323756285	582
63.29264979843	555
63.307975840575	575
63.32330188272	524
63.338627924865	524
63.35395396701	531
63.369280009155	520
63.3846060513	550
63.399932093445	534
63.41525813559	527
63.430584177735	523
63.44591021988	567
63.461236262025	513
63.47656230417	561
63.491888346315	551
63.50721438846	515
63.522540430605	540
63.53786647275	554
63.553192514895	569
63.56851855704	554
63.583844599185	570
63.59917064133	521
63.614496683475	558
63.62982272562	553
63.645148767765	611
63.66047480991	555
63.675800852055	605
63.6911268942	581
63.706452936345	577
63.72177897849	572
63.737105020635	575
63.75243106278	568
63.767757104925	623
63.78308314707	620
63.798409189215	580
63.81373523136	610
63.829061273505	622
63.84438731565	666
63.859713357795	709
63.87503939994	725
63.890365442085	789
63.90569148423	869
63.921017526375	990
63.93634356852	964
63.951669610665	1103
63.96699565281	1294
63.982321694955	1351
63.9976477371	1229
64.012973779245	1144
64.02829982139	957
64.043625863535	855
64.05895190568	826
64.074277947825	766
64.08960398997	799
64.104930032115	825
64.12025607426	911
64.135582116405	924
64.15090815855	922
64.166234200695	976
64.18156024284	851
64.196886284985	812
64.21221232713	736
64.227538369275	675
64.24286441142	639
64.258190453565	596
64.27351649571	598
64.288842537855	585
64.30416858	594
64.319494622145	594
64.33482066429	573
64.350146706435	542
64.36547274858	530
64.380798790725	522
64.39612483287	558
64.411450875015	557
64.42677691716	531
64.442102959305	560
64.45742900145	556
64.472755043595	535
64.48808108574	568
64.503407127885	552
64.51873317003	545
64.534059212175	527
64.54938525432	532
64.564711296465	500
64.58003733861	547
64.595363380755	568
64.6106894229	542
64.626015465045	542
64.64134150719	549
64.656667549335	601
64.67199359148	554
64.687319633625	545
64.70264567577	568
64.717971717915	577
64.73329776006	573
64.748623802205	551
64.76394984435	530
64.779275886495	557
64.79460192864	589
64.809927970785	556
64.82525401293	537
64.840580055075	549
64.85590609722	534
64.871232139365	559
64.88655818151	565
64.901884223655	576
64.9172102658	606
64.932536307945	542
64.94786235009	569
64.963188392235	627
64.97851443438	556
64.993840476525	614
65.00916651867	631
65.024492560815	640
65.03981860296	662
65.055144645105	614
65.07047068725	647
65.085796729395	596
65.10112277154	600
65.116448813685	649
65.13177485583	669
65.147100897975	583
65.16242694012	634
65.177752982265	589
65.19307902441	584
65.208405066555	553
65.2237311087	619
65.239057150845	593
65.25438319299	574
65.269709235135	582
65.28503527728	630
65.300361319425	578
65.31568736157	592
65.331013403715	599
65.34633944586	565
65.361665488005	577
65.37699153015	560
65.392317572295	572
65.40764361444	567
65.422969656585	578
65.43829569873	587
65.453621740875	553
65.46894778302	542
65.484273825165	574
65.49959986731	548
65.514925909455	547
65.5302519516	596
65.545577993745	580
65.56090403589	580
65.576230078035	509
65.59155612018	571
65.606882162325	563
65.62220820447	597
65.637534246615	568
65.65286028876	599
65.668186330905	620
65.68351237305	653
65.698838415195	687
65.71416445734	731
65.729490499485	718
65.74481654163	667
65.760142583775	681
65.77546862592	615
65.790794668065	620
65.80612071021	577
65.821446752355	602
65.8367727945	612
65.852098836645	611
65.86742487879	635
65.882750920935	637
65.89807696308	643
65.913403005225	685
65.92872904737	657
65.944055089515	584
65.95938113166	624
65.974707173805	586
65.99003321595	593
66.005359258095	564
66.02068530024	563
66.036011342385	627
66.05133738453	563
66.066663426675	566
66.08198946882	557
66.097315510965	563
66.11264155311	593
66.127967595255	582
66.1432936374	533
66.158619679545	548
66.17394572169	550
66.189271763835	557
66.20459780598	597
66.219923848125	607
66.23524989027	581
66.250575932415	624
66.26590197456	583
66.281228016705	552
66.29655405885	590
66.311880100995	595
66.32720614314	551
66.342532185285	552
66.35785822743	549
66.373184269575	524
66.38851031172	559
66.403836353865	498
66.41916239601	525
66.434488438155	574
66.4498144803	561
66.465140522445	507
66.48046656459	509
66.495792606735	515
66.51111864888	515
66.526444691025	517
66.54177073317	485
66.557096775315	525
66.57242281746	476
66.587748859605	531
66.60307490175	537
66.618400943895	519
66.63372698604	551
66.649053028185	506
66.66437907033	486
66.679705112475	510
66.69503115462	534
66.710357196765	511
66.72568323891	475
66.741009281055	510
66.7563353232	546
66.771661365345	478
66.78698740749	546
66.802313449635	526
66.81763949178	530
66.832965533925	535
66.84829157607	513
66.863617618215	541
66.87894366036	535
66.894269702505	537
66.90959574465	511
66.924921786795	563
66.94024782894	533
66.955573871085	524
66.97089991323	524
66.986225955375	556
67.00155199752	544
67.016878039665	569
67.03220408181	581
67.047530123955	573
67.0628561661	518
67.078182208245	553
67.09350825039	568
67.108834292535	593
67.12416033468	573
67.139486376825	583
67.15481241897	541
67.170138461115	541
67.18546450326	589
67.200790545405	576
67.21611658755	551
67.231442629695	537
67.24676867184	594
67.262094713985	574
67.27742075613	550
67.292746798275	590
67.30807284042	596
67.323398882565	567
67.33872492471	584
67.354050966855	653
67.369377009	650
67.384703051145	582
67.40002909329	636
67.415355135435	582
67.43068117758	588
67.446007219725	627
67.46133326187	635
67.476659304015	634
67.49198534616	667
67.507311388305	691
67.52263743045	655
67.537963472595	762
67.55328951474	744
67.568615556885	906
67.58394159903	978
67.599267641175	1200
67.61459368332	1340
67.629919725465	1643
67.64524576761	2016
67.660571809755	2365
67.6758978519	2687
67.691223894045	2619
67.70654993619	2291
67.721875978335	1971
67.73720202048	1618
67.752528062625	1408
67.76785410477	1260
67.783180146915	1178
67.79850618906	1168
67.813832231205	1271
67.82915827335	1340
67.844484315495	1525
67.85981035764	1684
67.875136399785	1701
67.89046244193	1680
67.905788484075	1588
67.92111452622	1365
67.936440568365	1224
67.95176661051	1071
67.967092652655	1135
67.9824186948	1194
67.997744736945	1375
68.01307077909	1555
68.028396821235	1952
68.04372286338	2339
68.059048905525	2773
68.07437494767	3106
68.089700989815	3384
68.10502703196	3060
68.120353074105	2702
68.13567911625	2204
68.151005158395	1895
68.16633120054	1774
68.181657242685	1905
68.19698328483	2079
68.212309326975	2409
68.22763536912	2883
68.242961411265	3224
68.25828745341	3594
68.273613495555	3454
68.2889395377	3018
68.304265579845	2599
68.31959162199	2274
68.334917664135	1758
68.35024370628	1507
68.365569748425	1418
68.38089579057	1345
68.396221832715	1416
68.41154787486	1435
68.426873917005	1553
68.44219995915	1567
68.457526001295	1608
68.47285204344	1380
68.488178085585	1259
68.50350412773	1092
68.518830169875	1013
68.53415621202	844
68.549482254165	817
68.56480829631	749
68.580134338455	739
68.5954603806	755
68.610786422745	698
68.62611246489	697
68.641438507035	708
68.65676454918	679
68.672090591325	701
68.68741663347	674
68.702742675615	704
68.71806871776	688
68.733394759905	656
68.74872080205	646
68.764046844195	709
68.77937288634	698
68.794698928485	674
68.81002497063	682
68.825351012775	596
68.84067705492	669
68.856003097065	665
68.87132913921	693
68.886655181355	663
68.9019812235	698
68.917307265645	736
68.93263330779	749
68.947959349935	713
68.96328539208	754
68.978611434225	696
68.99393747637	694
69.009263518515	663
69.02458956066	697
69.039915602805	684
69.05524164495	691
69.070567687095	703
69.08589372924	671
69.101219771385	711
69.11654581353	743
69.131871855675	692
69.14719789782	753
69.162523939965	729
69.17784998211	733
69.193176024255	738
69.2085020664	720
69.223828108545	736
69.23915415069	767
69.254480192835	720
69.26980623498	780
69.285132277125	738
69.30045831927	810
69.315784361415	829
69.33111040356	753
69.346436445705	849
69.36176248785	786
69.377088529995	803
69.39241457214	874
69.407740614285	838
69.42306665643	794
69.438392698575	823
69.45371874072	834
69.469044782865	777
69.48437082501	798
69.499696867155	787
69.5150229093	810
69.530348951445	850
69.54567499359	835
69.561001035735	814
69.57632707788	721
69.591653120025	834
69.60697916217	788
69.622305204315	810
69.63763124646	771
69.652957288605	805
69.66828333075	777
69.683609372895	786
69.69893541504	798
69.714261457185	777
69.72958749933	789
69.744913541475	773
69.76023958362	768
69.775565625765	742
69.79089166791	723
69.806217710055	752
69.8215437522	716
69.836869794345	725
69.85219583649	711
69.867521878635	722
69.88284792078	749
69.898173962925	767
69.91350000507	745
69.928826047215	760
69.94415208936	793
69.959478131505	768
69.97480417365	728
69.990130215795	754
70.00545625794	763
70.020782300085	776
70.03610834223	781
70.051434384375	815
70.06676042652	804
70.082086468665	789
70.09741251081	798
70.112738552955	860
70.1280645951	875
70.143390637245	884
70.15871667939	841
70.174042721535	849
70.18936876368	874
70.204694805825	867
70.22002084797	836
70.235346890115	928
70.25067293226	867
70.265998974405	885
70.28132501655	844
70.296651058695	836
70.31197710084	852
70.327303142985	759
70.34262918513	786
70.357955227275	815
70.37328126942	783
70.388607311565	791
70.40393335371	757
70.419259395855	754
70.434585438	743
70.449911480145	737
70.46523752229	792
70.480563564435	736
70.49588960658	726
70.511215648725	800
70.52654169087	723
70.541867733015	757
70.55719377516	712
70.572519817305	738
70.58784585945	737
70.603171901595	744
70.61849794374	699
70.633823985885	744
70.64915002803	694
70.664476070175	679
70.67980211232	680
70.695128154465	688
70.71045419661	687
70.725780238755	659
70.7411062809	668
70.756432323045	636
70.77175836519	637
70.787084407335	679
70.80241044948	683
70.817736491625	685
70.83306253377	670
70.848388575915	681
70.86371461806	720
70.879040660205	693
70.89436670235	690
70.909692744495	679
70.92501878664	662
70.940344828785	648
70.95567087093	682
70.970996913075	687
70.98632295522	683
71.001648997365	614
71.01697503951	694
71.032301081655	656
71.0476271238	700
71.062953165945	680
71.07827920809	640
71.093605250235	639
71.10893129238	646
71.124257334525	653
71.13958337667	644
71.154909418815	649
71.17023546096	638
71.185561503105	619
71.20088754525	698
71.216213587395	634
71.23153962954	617
71.246865671685	690
71.26219171383	620
71.277517755975	673
71.29284379812	584
71.308169840265	669
71.32349588241	631
71.338821924555	637
71.3541479667	637
71.369474008845	630
71.38480005099	651
71.400126093135	617
71.41545213528	608
71.430778177425	650
71.44610421957	620
71.461430261715	591
71.47675630386	631
71.492082346005	599
71.50740838815	648
71.522734430295	611
71.53806047244	604
71.553386514585	620
71.56871255673	600
71.584038598875	606
71.59936464102	635
71.614690683165	690
71.63001672531	622
71.645342767455	633
71.6606688096	593
71.675994851745	649
71.69132089389	647
71.706646936035	643
71.72197297818	678
71.737299020325	632
71.75262506247	675
71.767951104615	654
71.78327714676	644
71.798603188905	606
71.81392923105	615
71.829255273195	645
71.84458131534	671
71.859907357485	662
71.87523339963	668
71.890559441775	669
71.90588548392	673
71.921211526065	677
71.93653756821	681
71.951863610355	705
71.9671896525	695
71.982515694645	693
71.99784173679	690
72.013167778935	661
72.02849382108	701
72.043819863225	736
72.05914590537	736
72.074471947515	751
72.08979798966	714
72.105124031805	743
72.12045007395	751
72.135776116095	736
72.15110215824	736
72.166428200385	794
72.18175424253	775
72.197080284675	815
72.21240632682	846
72.227732368965	869
72.24305841111	807
72.258384453255	856
72.2737104954	856
72.289036537545	881
72.30436257969	899
72.319688621835	851
72.33501466398	870
72.350340706125	856
72.36566674827	936
72.380992790415	918
72.39631883256	967
72.411644874705	993
72.42697091685	1029
72.442296958995	1002
72.45762300114	1022
72.472949043285	1033
72.48827508543	1072
72.503601127575	1040
72.51892716972	1104
72.534253211865	1087
72.54957925401	1073
72.564905296155	1118
72.5802313383	1169
72.595557380445	1108
72.61088342259	1082
72.626209464735	1099
72.64153550688	1139
72.656861549025	1176
72.67218759117	1184
72.687513633315	1175
72.70283967546	1150
72.718165717605	1194
72.73349175975	1125
72.748817801895	1133
72.76414384404	1210
72.779469886185	1200
72.79479592833	1133
72.810121970475	1158
72.82544801262	1099
72.840774054765	1148
72.85610009691	1174
72.871426139055	1175
72.8867521812	1123
72.902078223345	1170
72.91740426549	1126
72.932730307635	1082
72.94805634978	1110
72.963382391925	1177
72.97870843407	1171
72.994034476215	1038
73.00936051836	1137
73.024686560505	1110
73.04001260265	1073
73.055338644795	1013
73.07066468694	1115
73.085990729085	1037
73.10131677123	1076
