2theta	Intensity
3	5469
3.015326042145	5157
3.03065208429	5067
3.045978126435	4903
3.06130416858	4582
3.076630210725	4435
3.09195625287	4212
3.107282295015	4237
3.12260833716	4143
3.137934379305	3886
3.15326042145	3762
3.168586463595	3795
3.18391250574	3595
3.199238547885	3710
3.21456459003	3542
3.229890632175	3465
3.24521667432	3569
3.260542716465	3372
3.27586875861	3442
3.291194800755	3399
3.3065208429	3350
3.321846885045	3255
3.33717292719	3280
3.352498969335	3333
3.36782501148	3268
3.383151053625	3270
3.39847709577	3237
3.413803137915	3151
3.42912918006	3214
3.444455222205	3207
3.45978126435	3214
3.475107306495	3172
3.49043334864	3214
3.505759390785	3227
3.52108543293	3213
3.536411475075	3256
3.55173751722	3276
3.567063559365	3320
3.58238960151	3482
3.597715643655	3545
3.6130416858	3686
3.628367727945	3878
3.64369377009	3993
3.659019812235	4040
3.67434585438	3939
3.689671896525	3839
3.70499793867	3760
3.720323980815	3773
3.73565002296	3464
3.750976065105	3282
3.76630210725	3038
3.781628149395	2860
3.79695419154	2739
3.812280233685	2616
3.82760627583	2601
3.842932317975	2524
3.85825836012	2548
3.873584402265	2540
3.88891044441	2405
3.904236486555	2480
3.9195625287	2427
3.934888570845	2473
3.95021461299	2282
3.965540655135	2387
3.98086669728	2267
3.996192739425	2299
4.01151878157	2402
4.026844823715	2354
4.04217086586	2319
4.057496908005	2236
4.07282295015	2311
4.088148992295	2197
4.10347503444	2180
4.118801076585	2190
4.13412711873	2215
4.149453160875	2175
4.16477920302	2142
4.180105245165	2133
4.19543128731	2108
4.210757329455	2129
4.2260833716	2011
4.241409413745	2106
4.25673545589	2104
4.272061498035	2036
4.28738754018	1998
4.302713582325	1985
4.31803962447	1929
4.333365666615	2003
4.34869170876	1980
4.364017750905	1895
4.37934379305	1863
4.394669835195	1982
4.40999587734	1923
4.425321919485	1961
4.44064796163	1778
4.455974003775	1866
4.47130004592	1861
4.486626088065	1766
4.50195213021	1800
4.517278172355	1835
4.5326042145	1755
4.547930256645	1764
4.56325629879	1853
4.578582340935	1802
4.59390838308	1796
4.609234425225	1684
4.62456046737	1684
4.639886509515	1767
4.65521255166	1810
4.670538593805	1645
4.68586463595	1706
4.701190678095	1742
4.71651672024	1686
4.731842762385	1707
4.74716880453	1647
4.762494846675	1544
4.77782088882	1613
4.793146930965	1643
4.80847297311	1592
4.823799015255	1675
4.8391250574	1588
4.854451099545	1576
4.86977714169	1660
4.885103183835	1535
4.90042922598	1537
4.915755268125	1584
4.93108131027	1600
4.946407352415	1571
4.96173339456	1501
4.977059436705	1531
4.99238547885	1569
5.007711520995	1475
5.02303756314	1511
5.038363605285	1538
5.05368964743	1528
5.069015689575	1520
5.08434173172	1440
5.099667773865	1481
5.11499381601	1383
5.130319858155	1450
5.1456459003	1414
5.160971942445	1454
5.17629798459	1395
5.191624026735	1440
5.20695006888	1384
5.222276111025	1445
5.23760215317	1421
5.252928195315	1473
5.26825423746	1353
5.283580279605	1368
5.29890632175	1424
5.314232363895	1478
5.32955840604	1419
5.344884448185	1302
5.36021049033	1359
5.375536532475	1350
5.39086257462	1375
5.406188616765	1373
5.42151465891	1371
5.436840701055	1303
5.4521667432	1385
5.467492785345	1297
5.48281882749	1317
5.498144869635	1296
5.51347091178	1313
5.528796953925	1264
5.54412299607	1332
5.559449038215	1309
5.57477508036	1302
5.590101122505	1308
5.60542716465	1259
5.620753206795	1255
5.63607924894	1319
5.651405291085	1281
5.66673133323	1266
5.682057375375	1261
5.69738341752	1242
5.712709459665	1241
5.72803550181	1248
5.743361543955	1198
5.7586875861	1235
5.774013628245	1208
5.78933967039	1248
5.804665712535	1220
5.81999175468	1220
5.835317796825	1255
5.85064383897	1209
5.865969881115	1130
5.88129592326	1155
5.896621965405	1237
5.91194800755	1225
5.927274049695	1188
5.94260009184	1192
5.957926133985	1208
5.97325217613	1197
5.988578218275	1155
6.00390426042	1213
6.019230302565	1208
6.03455634471	1192
6.049882386855	1197
6.065208429	1131
6.080534471145	1177
6.09586051329	1188
6.111186555435	1167
6.12651259758	1149
6.141838639725	1193
6.15716468187	1096
6.172490724015	1115
6.18781676616	1151
6.203142808305	1176
6.21846885045	1215
6.233794892595	1171
6.24912093474	1149
6.264446976885	1152
6.27977301903	1121
6.295099061175	1115
6.31042510332	1096
6.325751145465	1045
6.34107718761	1092
6.356403229755	1141
6.3717292719	1107
6.387055314045	1100
6.40238135619	1083
6.417707398335	1112
6.43303344048	1105
6.448359482625	1068
6.46368552477	1110
6.479011566915	1082
6.49433760906	1110
6.509663651205	1080
6.52498969335	1095
6.540315735495	1075
6.55564177764	1049
6.570967819785	1104
6.58629386193	1098
6.601619904075	1091
6.61694594622	1055
6.632271988365	1118
6.64759803051	1081
6.662924072655	1054
6.6782501148	1040
6.693576156945	1057
6.70890219909	1074
6.724228241235	1069
6.73955428338	996
6.754880325525	994
6.77020636767	1029
6.785532409815	1100
6.80085845196	1046
6.816184494105	1074
6.83151053625	1044
6.846836578395	1013
6.86216262054	1085
6.877488662685	1012
6.89281470483	1039
6.908140746975	1036
6.92346678912	1031
6.938792831265	1052
6.95411887341	1018
6.969444915555	968
6.9847709577	1009
7.000096999845	952
7.01542304199	1020
7.030749084135	1004
7.04607512628	1018
7.061401168425	976
7.07672721057	945
7.092053252715	1015
7.10737929486	972
7.122705337005	982
7.13803137915	989
7.153357421295	1013
7.16868346344	949
7.184009505585	1014
7.19933554773	924
7.214661589875	972
7.22998763202	984
7.245313674165	943
7.26063971631	919
7.275965758455	932
7.2912918006	922
7.306617842745	974
7.32194388489	894
7.337269927035	975
7.35259596918	942
7.367922011325	904
7.38324805347	1013
7.398574095615	912
7.41390013776	949
7.429226179905	946
7.44455222205	948
7.459878264195	1008
7.47520430634	923
7.490530348485	875
7.50585639063	918
7.521182432775	948
7.53650847492	869
7.551834517065	961
7.56716055921	895
7.582486601355	892
7.5978126435	946
7.613138685645	909
7.62846472779	941
7.643790769935	922
7.65911681208	928
7.674442854225	965
7.68976889637	970
7.705094938515	919
7.72042098066	898
7.735747022805	862
7.75107306495	921
7.766399107095	878
7.78172514924	903
7.797051191385	915
7.81237723353	946
7.827703275675	872
7.84302931782	872
7.858355359965	877
7.87368140211	905
7.889007444255	889
7.9043334864	895
7.919659528545	905
7.93498557069	898
7.950311612835	900
7.96563765498	884
7.980963697125	891
7.99628973927	859
8.011615781415	927
8.02694182356	855
8.042267865705	912
8.05759390785	867
8.072919949995	859
8.08824599214	864
8.103572034285	907
8.11889807643	884
8.134224118575	942
8.14955016072	852
8.164876202865	842
8.18020224501	895
8.195528287155	902
8.2108543293	913
8.226180371445	880
8.24150641359	863
8.256832455735	838
8.27215849788	852
8.287484540025	837
8.30281058217	826
8.318136624315	846
8.33346266646	883
8.348788708605	878
8.36411475075	868
8.379440792895	862
8.39476683504	840
8.410092877185	900
8.42541891933	853
8.440744961475	847
8.45607100362	853
8.471397045765	843
8.48672308791	868
8.502049130055	919
8.5173751722	918
8.532701214345	846
8.54802725649	853
8.563353298635	859
8.57867934078	850
8.594005382925	846
8.60933142507	909
8.624657467215	846
8.63998350936	935
8.655309551505	854
8.67063559365	891
8.685961635795	878
8.70128767794	812
8.716613720085	853
8.73193976223	894
8.747265804375	885
8.76259184652	862
8.777917888665	857
8.79324393081	910
8.808569972955	884
8.8238960151	869
8.839222057245	891
8.85454809939	867
8.869874141535	866
8.88520018368	799
8.900526225825	862
8.91585226797	844
8.931178310115	800
8.94650435226	823
8.961830394405	786
8.97715643655	798
8.992482478695	832
9.00780852084	851
9.023134562985	852
9.03846060513	809
9.053786647275	794
9.06911268942	825
9.084438731565	832
9.09976477371	793
9.115090815855	825
9.130416858	799
9.145742900145	774
9.16106894229	838
9.176394984435	810
9.19172102658	772
9.207047068725	788
9.22237311087	833
9.237699153015	788
9.25302519516	795
9.268351237305	774
9.28367727945	756
9.299003321595	788
9.31432936374	785
9.329655405885	823
9.34498144803	745
9.360307490175	811
9.37563353232	811
9.390959574465	769
9.40628561661	802
9.421611658755	799
9.4369377009	768
9.452263743045	778
9.46758978519	771
9.482915827335	730
9.49824186948	758
9.513567911625	755
9.52889395377	778
9.544219995915	779
9.55954603806	751
9.574872080205	796
9.59019812235	774
9.605524164495	783
9.62085020664	777
9.636176248785	769
9.65150229093	711
9.666828333075	750
9.68215437522	807
9.697480417365	785
9.71280645951	717
9.728132501655	753
9.7434585438	759
9.758784585945	776
9.77411062809	737
9.789436670235	779
9.80476271238	725
9.820088754525	744
9.83541479667	730
9.850740838815	739
9.86606688096	738
9.881392923105	685
9.89671896525	757
9.912045007395	736
9.92737104954	759
9.942697091685	748
9.95802313383	730
9.973349175975	769
9.98867521812	772
10.004001260265	742
10.01932730241	755
10.034653344555	724
10.0499793867	706
10.065305428845	754
10.08063147099	741
10.095957513135	715
10.11128355528	763
10.126609597425	766
10.14193563957	671
10.157261681715	766
10.17258772386	731
10.187913766005	725
10.20323980815	743
10.218565850295	764
10.23389189244	745
10.249217934585	710
10.26454397673	749
10.279870018875	731
10.29519606102	750
10.310522103165	729
10.32584814531	772
10.341174187455	712
10.3565002296	752
10.371826271745	766
10.38715231389	772
10.402478356035	767
10.41780439818	755
10.433130440325	780
10.44845648247	753
10.463782524615	745
10.47910856676	812
10.494434608905	757
10.50976065105	731
10.525086693195	767
10.54041273534	775
10.555738777485	806
10.57106481963	784
10.586390861775	729
10.60171690392	805
10.617042946065	800
10.63236898821	794
10.647695030355	807
10.6630210725	796
10.678347114645	814
10.69367315679	876
10.708999198935	816
10.72432524108	836
10.739651283225	894
10.75497732537	837
10.770303367515	878
10.78562940966	945
10.800955451805	958
10.81628149395	918
10.831607536095	915
10.84693357824	898
10.862259620385	813
10.87758566253	863
10.892911704675	875
10.90823774682	899
10.923563788965	894
10.93888983111	943
10.954215873255	895
10.9695419154	933
10.984867957545	903
11.00019399969	937
11.015520041835	893
11.03084608398	925
11.046172126125	953
11.06149816827	941
11.076824210415	993
11.09215025256	950
11.107476294705	985
11.12280233685	985
11.138128378995	1023
11.15345442114	1030
11.168780463285	1066
11.18410650543	1070
11.199432547575	1088
11.21475858972	1145
11.230084631865	1150
11.24541067401	1074
11.260736716155	1217
11.2760627583	1157
11.291388800445	1163
11.30671484259	1192
11.322040884735	1215
11.33736692688	1228
11.352692969025	1204
11.36801901117	1173
11.383345053315	1191
11.39867109546	1094
11.413997137605	1102
11.42932317975	1003
11.444649221895	985
11.45997526404	981
11.475301306185	983
11.49062734833	977
11.505953390475	919
11.52127943262	909
11.536605474765	922
11.55193151691	866
11.567257559055	826
11.5825836012	834
11.597909643345	862
11.61323568549	789
11.628561727635	839
11.64388776978	813
11.659213811925	798
11.67453985407	778
11.689865896215	777
11.70519193836	764
11.720517980505	683
11.73584402265	741
11.751170064795	773
11.76649610694	717
11.781822149085	732
11.79714819123	722
11.812474233375	732
11.82780027552	730
11.843126317665	731
11.85845235981	708
11.873778401955	706
11.8891044441	717
11.904430486245	664
11.91975652839	673
11.935082570535	679
11.95040861268	661
11.965734654825	689
11.98106069697	710
11.996386739115	690
12.01171278126	703
12.027038823405	633
12.04236486555	668
12.057690907695	675
12.07301694984	671
12.088342991985	675
12.10366903413	652
12.118995076275	628
12.13432111842	631
12.149647160565	649
12.16497320271	668
12.180299244855	660
12.195625287	655
12.210951329145	642
12.22627737129	644
12.241603413435	681
12.25692945558	625
12.272255497725	657
12.28758153987	635
12.302907582015	628
12.31823362416	664
12.333559666305	650
12.34888570845	671
12.364211750595	637
12.37953779274	629
12.394863834885	662
12.41018987703	669
12.425515919175	641
12.44084196132	629
12.456168003465	635
12.47149404561	637
12.486820087755	687
12.5021461299	641
12.517472172045	655
12.53279821419	647
12.548124256335	642
12.56345029848	672
12.578776340625	638
12.59410238277	683
12.609428424915	643
12.62475446706	677
12.640080509205	599
12.65540655135	598
12.670732593495	609
12.68605863564	552
12.701384677785	645
12.71671071993	615
12.732036762075	637
12.74736280422	604
12.762688846365	616
12.77801488851	587
12.793340930655	632
12.8086669728	623
12.823993014945	618
12.83931905709	596
12.854645099235	615
12.86997114138	611
12.885297183525	651
12.90062322567	584
12.915949267815	639
12.93127530996	591
12.946601352105	647
12.96192739425	618
12.977253436395	599
12.99257947854	581
13.007905520685	595
13.02323156283	609
13.038557604975	633
13.05388364712	633
13.069209689265	603
13.08453573141	628
13.099861773555	630
13.1151878157	581
13.130513857845	605
13.14583989999	615
13.161165942135	546
13.17649198428	569
13.191818026425	631
13.20714406857	629
13.222470110715	653
13.23779615286	595
13.253122195005	643
13.26844823715	592
13.283774279295	627
13.29910032144	625
13.314426363585	625
13.32975240573	602
13.345078447875	569
13.36040449002	573
13.375730532165	572
13.39105657431	601
13.406382616455	570
13.4217086586	605
13.437034700745	596
13.45236074289	582
13.467686785035	602
13.48301282718	641
13.498338869325	657
13.51366491147	605
13.528990953615	611
13.54431699576	660
13.559643037905	661
13.57496908005	646
13.590295122195	645
13.60562116434	640
13.620947206485	653
13.63627324863	656
13.651599290775	610
13.66692533292	584
13.682251375065	587
13.69757741721	564
13.712903459355	625
13.7282295015	591
13.743555543645	612
13.75888158579	585
13.774207627935	543
13.78953367008	539
13.804859712225	637
13.82018575437	595
13.835511796515	567
13.85083783866	607
13.866163880805	587
13.88148992295	612
13.896815965095	530
13.91214200724	521
13.927468049385	563
13.94279409153	567
13.958120133675	539
13.97344617582	600
13.988772217965	536
14.00409826011	566
14.019424302255	594
14.0347503444	539
14.050076386545	524
14.06540242869	577
14.080728470835	581
14.09605451298	566
14.111380555125	577
14.12670659727	569
14.142032639415	558
14.15735868156	572
14.172684723705	615
14.18801076585	540
14.203336807995	545
14.21866285014	564
14.233988892285	535
14.24931493443	560
14.264640976575	573
14.27996701872	558
14.295293060865	576
14.31061910301	535
14.325945145155	576
14.3412711873	557
14.356597229445	543
14.37192327159	586
14.387249313735	556
14.40257535588	587
14.417901398025	576
14.43322744017	580
14.448553482315	542
14.46387952446	584
14.479205566605	561
14.49453160875	523
14.509857650895	533
14.52518369304	530
14.540509735185	580
14.55583577733	570
14.571161819475	561
14.58648786162	535
14.601813903765	563
14.61713994591	581
14.632465988055	524
14.6477920302	531
14.663118072345	576
14.67844411449	551
14.693770156635	535
14.70909619878	544
14.724422240925	603
14.73974828307	549
14.755074325215	579
14.77040036736	550
14.785726409505	600
14.80105245165	587
14.816378493795	581
14.83170453594	594
14.847030578085	578
14.86235662023	590
14.877682662375	548
14.89300870452	609
14.908334746665	536
14.92366078881	587
14.938986830955	520
14.9543128731	597
14.969638915245	593
14.98496495739	590
15.000290999535	615
15.01561704168	586
15.030943083825	653
15.04626912597	635
15.061595168115	614
15.07692121026	611
15.092247252405	634
15.10757329455	633
15.122899336695	591
15.13822537884	610
15.153551420985	569
15.16887746313	562
15.184203505275	545
15.19952954742	583
15.214855589565	527
15.23018163171	548
15.245507673855	529
15.260833716	570
15.276159758145	586
15.29148580029	555
15.306811842435	551
15.32213788458	516
15.337463926725	567
15.35278996887	514
15.368116011015	574
15.38344205316	564
15.398768095305	505
15.41409413745	552
15.429420179595	555
15.44474622174	530
15.460072263885	564
15.47539830603	562
15.490724348175	543
15.50605039032	576
15.521376432465	536
15.53670247461	530
15.552028516755	569
15.5673545589	577
15.582680601045	561
15.59800664319	571
15.613332685335	509
15.62865872748	533
15.643984769625	550
15.65931081177	531
15.674636853915	554
15.68996289606	563
15.705288938205	536
15.72061498035	530
15.735941022495	532
15.75126706464	592
15.766593106785	578
15.78191914893	536
15.797245191075	567
15.81257123322	568
15.827897275365	544
15.84322331751	540
15.858549359655	596
15.8738754018	587
15.889201443945	543
15.90452748609	606
15.919853528235	598
15.93517957038	557
15.950505612525	549
15.96583165467	607
15.981157696815	568
15.99648373896	587
16.011809781105	561
16.02713582325	631
16.042461865395	608
16.05778790754	571
16.073113949685	587
16.08843999183	599
16.103766033975	610
16.11909207612	581
16.134418118265	615
16.14974416041	579
16.165070202555	594
16.1803962447	555
16.195722286845	541
16.21104832899	602
16.226374371135	603
16.24170041328	606
16.257026455425	589
16.27235249757	605
16.287678539715	589
16.30300458186	577
16.318330624005	572
16.33365666615	575
16.348982708295	575
16.36430875044	572
16.379634792585	590
16.39496083473	598
16.410286876875	530
16.42561291902	565
16.440938961165	570
16.45626500331	565
16.471591045455	553
16.4869170876	581
16.502243129745	586
16.51756917189	579
16.532895214035	526
16.54822125618	542
16.563547298325	592
16.57887334047	560
16.594199382615	586
16.60952542476	569
16.624851466905	550
16.64017750905	593
16.655503551195	614
16.67082959334	607
16.686155635485	598
16.70148167763	581
16.716807719775	563
16.73213376192	578
16.747459804065	579
16.76278584621	574
16.778111888355	536
16.7934379305	600
16.808763972645	555
16.82409001479	591
16.839416056935	574
16.85474209908	560
16.870068141225	609
16.88539418337	545
16.900720225515	567
16.91604626766	568
16.931372309805	566
16.94669835195	582
16.962024394095	566
16.97735043624	568
16.992676478385	568
17.00800252053	554
17.023328562675	604
17.03865460482	593
17.053980646965	619
17.06930668911	577
17.084632731255	569
17.0999587734	553
17.115284815545	609
17.13061085769	591
17.145936899835	537
17.16126294198	584
17.176588984125	619
17.19191502627	616
17.207241068415	637
17.22256711056	583
17.237893152705	617
17.25321919485	647
17.268545236995	606
17.28387127914	655
17.299197321285	636
17.31452336343	614
17.329849405575	650
17.34517544772	676
17.360501489865	626
17.37582753201	696
17.391153574155	614
17.4064796163	691
17.421805658445	695
17.43713170059	674
17.452457742735	684
17.46778378488	713
17.483109827025	702
17.49843586917	631
17.513761911315	734
17.52908795346	747
17.544413995605	740
17.55974003775	707
17.575066079895	646
17.59039212204	699
17.605718164185	684
17.62104420633	730
17.636370248475	682
17.65169629062	643
17.667022332765	688
17.68234837491	661
17.697674417055	688
17.7130004592	685
17.728326501345	665
17.74365254349	763
17.758978585635	717
17.77430462778	753
17.789630669925	763
17.80495671207	822
17.820282754215	883
17.83560879636	897
17.850934838505	941
17.86626088065	1004
17.881586922795	1172
17.89691296494	1240
17.912239007085	1518
17.92756504923	1899
17.942891091375	2509
17.95821713352	3209
17.973543175665	4272
17.98886921781	5488
18.004195259955	6497
18.0195213021	6802
18.034847344245	6693
18.05017338639	5424
18.065499428535	4096
18.08082547068	3255
18.096151512825	2372
18.11147755497	1605
18.126803597115	1296
18.14212963926	1110
18.157455681405	1073
18.17278172355	1056
18.188107765695	988
18.20343380784	949
18.218759849985	987
18.23408589213	903
18.249411934275	962
18.26473797642	957
18.280064018565	938
18.29539006071	948
18.310716102855	932
18.326042145	1059
18.341368187145	1030
18.35669422929	1083
18.372020271435	1174
18.38734631358	1229
18.402672355725	1349
18.41799839787	1498
18.433324440015	1768
18.44865048216	1804
18.463976524305	1965
18.47930256645	2096
18.494628608595	2063
18.50995465074	2017
18.525280692885	1971
18.54060673503	1743
18.555932777175	1512
18.57125881932	1442
18.586584861465	1254
18.60191090361	1137
18.617236945755	1055
18.6325629879	964
18.647889030045	912
18.66321507219	923
18.678541114335	854
18.69386715648	793
18.709193198625	736
18.72451924077	720
18.739845282915	778
18.75517132506	730
18.770497367205	706
18.78582340935	671
18.801149451495	723
18.81647549364	696
18.831801535785	707
18.84712757793	688
18.862453620075	636
18.87777966222	675
18.893105704365	675
18.90843174651	666
18.923757788655	617
18.9390838308	631
18.954409872945	600
18.96973591509	620
18.985061957235	602
19.00038799938	629
19.015714041525	621
19.03104008367	611
19.046366125815	606
19.06169216796	611
19.077018210105	557
19.09234425225	564
19.107670294395	602
19.12299633654	609
19.138322378685	596
19.15364842083	586
19.168974462975	632
19.18430050512	610
19.199626547265	571
19.21495258941	624
19.230278631555	625
19.2456046737	610
19.260930715845	612
19.27625675799	587
19.291582800135	592
19.30690884228	601
19.322234884425	599
19.33756092657	652
19.352886968715	639
19.36821301086	576
19.383539053005	562
19.39886509515	576
19.414191137295	622
19.42951717944	619
19.444843221585	615
19.46016926373	581
19.475495305875	554
19.49082134802	639
19.506147390165	660
19.52147343231	607
19.536799474455	671
19.5521255166	645
19.567451558745	674
19.58277760089	677
19.598103643035	684
19.61342968518	671
19.628755727325	712
19.64408176947	660
19.659407811615	703
19.67473385376	697
19.690059895905	728
19.70538593805	708
19.720711980195	727
19.73603802234	747
19.751364064485	684
19.76669010663	683
19.782016148775	664
19.79734219092	643
19.812668233065	705
19.82799427521	652
19.843320317355	658
19.8586463595	673
19.873972401645	650
19.88929844379	641
19.904624485935	659
19.91995052808	662
19.935276570225	665
19.95060261237	627
19.965928654515	617
19.98125469666	611
19.996580738805	688
20.01190678095	647
20.027232823095	607
20.04255886524	627
20.057884907385	659
20.07321094953	660
20.088536991675	611
20.10386303382	662
20.119189075965	666
20.13451511811	669
20.149841160255	710
20.1651672024	666
20.180493244545	664
20.19581928669	662
20.211145328835	637
20.22647137098	638
20.241797413125	676
20.25712345527	609
20.272449497415	609
20.28777553956	618
20.303101581705	609
20.31842762385	604
20.333753665995	659
20.34907970814	617
20.364405750285	577
20.37973179243	594
20.395057834575	632
20.41038387672	622
20.425709918865	602
20.44103596101	628
20.456362003155	583
20.4716880453	624
20.487014087445	608
20.50234012959	608
20.517666171735	586
20.53299221388	602
20.548318256025	646
20.56364429817	630
20.578970340315	653
20.59429638246	583
20.609622424605	623
20.62494846675	629
20.640274508895	626
20.65560055104	676
20.670926593185	664
20.68625263533	747
20.701578677475	733
20.71690471962	751
20.732230761765	903
20.74755680391	1121
20.762882846055	1278
20.7782088882	1670
20.793534930345	2023
20.80886097249	2506
20.824187014635	2514
20.83951305678	2302
20.854839098925	1937
20.87016514107	1824
20.885491183215	1570
20.90081722536	1415
20.916143267505	1303
20.93146930965	1280
20.946795351795	1193
20.96212139394	1184
20.977447436085	1094
20.99277347823	1073
21.008099520375	926
21.02342556252	917
21.038751604665	772
21.05407764681	742
21.069403688955	727
21.0847297311	650
21.100055773245	651
21.11538181539	588
21.130707857535	639
21.14603389968	619
21.161359941825	651
21.17668598397	602
21.192012026115	613
21.20733806826	606
21.222664110405	588
21.23799015255	587
21.253316194695	615
21.26864223684	608
21.283968278985	636
21.29929432113	646
21.314620363275	639
21.32994640542	625
21.345272447565	647
21.36059848971	666
21.375924531855	572
21.391250574	577
21.406576616145	636
21.42190265829	605
21.437228700435	614
21.45255474258	599
21.467880784725	631
21.48320682687	579
21.498532869015	624
21.51385891116	644
21.529184953305	612
21.54451099545	625
21.559837037595	656
21.57516307974	659
21.590489121885	676
21.60581516403	651
21.621141206175	653
21.63646724832	663
21.651793290465	617
21.66711933261	691
21.682445374755	657
21.6977714169	638
21.713097459045	650
21.72842350119	644
21.743749543335	671
21.75907558548	697
21.774401627625	702
21.78972766977	641
21.805053711915	659
21.82037975406	686
21.835705796205	666
21.85103183835	694
21.866357880495	671
21.88168392264	647
21.897009964785	672
21.91233600693	646
21.927662049075	682
21.94298809122	664
21.958314133365	671
21.97364017551	637
21.988966217655	678
22.0042922598	636
22.019618301945	662
22.03494434409	677
22.050270386235	653
22.06559642838	676
22.080922470525	574
22.09624851267	596
22.111574554815	624
22.12690059696	643
22.142226639105	683
22.15755268125	639
22.172878723395	652
22.18820476554	677
22.203530807685	661
22.21885684983	713
22.234182891975	643
22.24950893412	693
22.264834976265	705
22.28016101841	721
22.295487060555	707
22.3108131027	713
22.326139144845	721
22.34146518699	683
22.356791229135	747
22.37211727128	699
22.387443313425	725
22.40276935557	754
22.418095397715	732
22.43342143986	813
22.448747482005	785
22.46407352415	775
22.479399566295	798
22.49472560844	817
22.510051650585	778
22.52537769273	844
22.540703734875	798
22.55602977702	787
22.571355819165	789
22.58668186131	805
22.602007903455	733
22.6173339456	762
22.632659987745	824
22.64798602989	767
22.663312072035	833
22.67863811418	812
22.693964156325	835
22.70929019847	816
22.724616240615	857
22.73994228276	842
22.755268324905	828
22.77059436705	865
22.785920409195	937
22.80124645134	939
22.816572493485	950
22.83189853563	907
22.847224577775	970
22.86255061992	959
22.877876662065	994
22.89320270421	1026
22.908528746355	1165
22.9238547885	1188
22.939180830645	1407
22.95450687279	1720
22.969832914935	1822
22.98515895708	2284
23.000484999225	2649
23.01581104137	2940
23.031137083515	3151
23.04646312566	3339
23.061789167805	2964
23.07711520995	2496
23.092441252095	2212
23.10776729424	1994
23.123093336385	1677
23.13841937853	1259
23.153745420675	1166
23.16907146282	1027
23.184397504965	1001
23.19972354711	949
23.215049589255	915
23.2303756314	883
23.245701673545	824
23.26102771569	815
23.276353757835	758
23.29167979998	832
23.307005842125	867
23.32233188427	891
23.337657926415	873
23.35298396856	869
23.368310010705	885
23.38363605285	984
23.398962094995	979
23.41428813714	998
23.429614179285	1022
23.44494022143	1059
23.460266263575	1022
23.47559230572	1031
23.490918347865	1023
23.50624439001	964
23.521570432155	974
23.5368964743	919
23.552222516445	913
23.56754855859	882
23.582874600735	869
23.59820064288	798
23.613526685025	838
23.62885272717	756
23.644178769315	776
23.65950481146	787
23.674830853605	759
23.69015689575	797
23.705482937895	695
23.72080898004	756
23.736135022185	692
23.75146106433	741
23.766787106475	747
23.78211314862	787
23.797439190765	747
23.81276523291	739
23.828091275055	745
23.8434173172	745
23.858743359345	781
23.87406940149	818
23.889395443635	802
23.90472148578	863
23.920047527925	828
23.93537357007	857
23.950699612215	841
23.96602565436	866
23.981351696505	853
23.99667773865	846
24.012003780795	867
24.02732982294	851
24.042655865085	801
24.05798190723	800
24.073307949375	840
24.08863399152	855
24.103960033665	809
24.11928607581	798
24.134612117955	811
24.1499381601	742
24.165264202245	736
24.18059024439	815
24.195916286535	777
24.21124232868	664
24.226568370825	716
24.24189441297	749
24.257220455115	702
24.27254649726	699
24.287872539405	773
24.30319858155	704
24.318524623695	700
24.33385066584	653
24.349176707985	712
24.36450275013	681
24.379828792275	657
24.39515483442	713
24.410480876565	701
24.42580691871	738
24.441132960855	734
24.456459003	711
24.471785045145	777
24.48711108729	778
24.502437129435	825
24.51776317158	764
24.533089213725	761
24.54841525587	769
24.563741298015	766
24.57906734016	744
24.594393382305	741
24.60971942445	738
24.625045466595	713
24.64037150874	760
24.655697550885	790
24.67102359303	764
24.686349635175	758
24.70167567732	732
24.717001719465	725
24.73232776161	728
24.747653803755	698
24.7629798459	725
24.778305888045	749
24.79363193019	718
24.808957972335	661
24.82428401448	734
24.839610056625	722
24.85493609877	712
24.870262140915	743
24.88558818306	700
24.900914225205	773
24.91624026735	728
24.931566309495	784
24.94689235164	735
24.962218393785	788
24.97754443593	740
24.992870478075	774
25.00819652022	794
25.023522562365	725
25.03884860451	765
25.054174646655	838
25.0695006888	766
25.084826730945	842
25.10015277309	807
25.115478815235	808
25.13080485738	763
25.146130899525	806
25.16145694167	791
25.176782983815	769
25.19210902596	801
25.207435068105	818
25.22276111025	823
25.238087152395	835
25.25341319454	906
25.268739236685	927
25.28406527883	945
25.299391320975	900
25.31471736312	869
25.330043405265	925
25.34536944741	886
25.360695489555	871
25.3760215317	832
25.391347573845	827
25.40667361599	796
25.421999658135	837
25.43732570028	827
25.452651742425	835
25.46797778457	874
25.483303826715	778
25.49862986886	910
25.513955911005	930
25.52928195315	887
25.544607995295	960
25.55993403744	974
25.575260079585	966
25.59058612173	965
25.605912163875	1030
25.62123820602	1155
25.636564248165	1194
25.65189029031	1156
25.667216332455	1203
25.6825423746	1161
25.697868416745	1159
25.71319445889	1105
25.728520501035	1069
25.74384654318	1044
25.759172585325	998
25.77449862747	956
25.789824669615	939
25.80515071176	920
25.820476753905	878
25.83580279605	857
25.851128838195	855
25.86645488034	862
25.881780922485	827
25.89710696463	866
25.912433006775	846
25.92775904892	832
25.943085091065	830
25.95841113321	825
25.973737175355	851
25.9890632175	863
26.004389259645	806
26.01971530179	854
26.035041343935	831
26.05036738608	875
26.065693428225	792
26.08101947037	866
26.096345512515	863
26.11167155466	839
26.126997596805	887
26.14232363895	894
26.157649681095	883
26.17297572324	850
26.188301765385	901
26.20362780753	876
26.218953849675	910
26.23427989182	875
26.249605933965	958
26.26493197611	931
26.280258018255	923
26.2955840604	968
26.310910102545	959
26.32623614469	996
26.341562186835	1000
26.35688822898	1074
26.372214271125	1116
26.38754031327	1067
26.402866355415	1151
26.41819239756	1222
26.433518439705	1296
26.44884448185	1376
26.464170523995	1523
26.47949656614	1629
26.494822608285	1889
26.51014865043	2315
26.525474692575	2860
26.54080073472	4096
26.556126776865	6247
26.57145281901	9365
26.586778861155	12262
26.6021049033	11989
26.617430945445	9873
26.63275698759	8404
26.648083029735	8184
26.66340907188	7486
26.678735114025	5792
26.69406115617	4004
26.709387198315	3159
26.72471324046	2240
26.740039282605	1862
26.75536532475	1753
26.770691366895	1647
26.78601740904	1574
26.801343451185	1524
26.81666949333	1459
26.831995535475	1416
26.84732157762	1330
26.862647619765	1335
26.87797366191	1260
26.893299704055	1274
26.9086257462	1163
26.923951788345	1216
26.93927783049	1128
26.954603872635	1151
26.96992991478	1237
26.985255956925	1240
27.00058199907	1262
27.015908041215	1179
27.03123408336	1282
27.046560125505	1358
27.06188616765	1298
27.077212209795	1289
27.09253825194	1312
27.107864294085	1190
27.12319033623	1221
27.138516378375	1225
27.15384242052	1149
27.169168462665	1067
27.18449450481	1045
27.199820546955	1139
27.2151465891	1040
27.230472631245	1032
27.24579867339	1034
27.261124715535	1007
27.27645075768	1085
27.291776799825	1029
27.30710284197	1073
27.322428884115	1125
27.33775492626	1118
27.353080968405	1158
27.36840701055	1220
27.383733052695	1260
27.39905909484	1223
27.414385136985	1311
27.42971117913	1241
27.445037221275	1290
27.46036326342	1346
27.475689305565	1385
27.49101534771	1347
27.506341389855	1332
27.521667432	1365
27.536993474145	1382
27.55231951629	1376
27.567645558435	1372
27.58297160058	1363
27.598297642725	1296
27.61362368487	1290
27.628949727015	1200
27.64427576916	1218
27.659601811305	1133
27.67492785345	1138
27.690253895595	1116
27.70557993774	1077
27.720905979885	1068
27.73623202203	1080
27.751558064175	1092
27.76688410632	1110
27.782210148465	1073
27.79753619061	1077
27.812862232755	1050
27.8281882749	1065
27.843514317045	1102
27.85884035919	1027
27.874166401335	1010
27.88949244348	1123
27.904818485625	1100
27.92014452777	1017
27.935470569915	1063
27.95079661206	1111
27.966122654205	1063
27.98144869635	974
27.996774738495	1065
28.01210078064	1085
28.027426822785	1030
28.04275286493	1047
28.058078907075	1056
28.07340494922	1038
28.088730991365	1013
28.10405703351	1070
28.119383075655	975
28.1347091178	1037
28.150035159945	1018
28.16536120209	1109
28.180687244235	1052
28.19601328638	1100
28.211339328525	1015
28.22666537067	1124
28.241991412815	1065
28.25731745496	1124
28.272643497105	1056
28.28796953925	1081
28.303295581395	1053
28.31862162354	1119
28.333947665685	1052
28.34927370783	1055
28.364599749975	1112
28.37992579212	1127
28.395251834265	1211
28.41057787641	1143
28.425903918555	1111
28.4412299607	1114
28.456556002845	1168
28.47188204499	1190
28.487208087135	1202
28.50253412928	1227
28.517860171425	1238
28.53318621357	1316
28.548512255715	1375
28.56383829786	1481
28.579164340005	1595
28.59449038215	1792
28.609816424295	1936
28.62514246644	2119
28.640468508585	2279
28.65579455073	2139
28.671120592875	1977
28.68644663502	1964
28.701772677165	1880
28.71709871931	1885
28.732424761455	1664
28.7477508036	1528
28.763076845745	1534
28.77840288789	1470
28.793728930035	1359
28.80905497218	1480
28.824381014325	1438
28.83970705647	1456
28.855033098615	1490
28.87035914076	1517
28.885685182905	1493
28.90101122505	1548
28.916337267195	1498
28.93166330934	1576
28.946989351485	1554
28.96231539363	1656
28.977641435775	1689
28.99296747792	1745
29.008293520065	1776
29.02361956221	1734
29.038945604355	1778
29.0542716465	1871
29.069597688645	1902
29.08492373079	1925
29.100249772935	1977
29.11557581508	2144
29.130901857225	2257
29.14622789937	2304
29.161553941515	2489
29.17687998366	2661
29.192206025805	2835
29.20753206795	3181
29.222858110095	3627
29.23818415224	4007
29.253510194385	5015
29.26883623653	6028
29.284162278675	7285
29.29948832082	9484
29.314814362965	12396
29.33014040511	16102
29.345466447255	19505
29.3607924894	22653
29.376118531545	23900
29.39144457369	22855
29.406770615835	20782
29.42209665798	18524
29.437422700125	16914
29.45274874227	14763
29.468074784415	12078
29.48340082656	9570
29.498726868705	7549
29.51405291085	5593
29.529378952995	4428
29.54470499514	3713
29.560031037285	3178
29.57535707943	2949
29.590683121575	2647
29.60600916372	2535
29.621335205865	2374
29.63666124801	2226
29.651987290155	2052
29.6673133323	2092
29.682639374445	2031
29.69796541659	2006
29.713291458735	2002
29.72861750088	2013
29.743943543025	1987
29.75926958517	1987
29.774595627315	1902
29.78992166946	1873
29.805247711605	1834
29.82057375375	1932
29.835899795895	1756
29.85122583804	1857
29.866551880185	1700
29.88187792233	1778
29.897203964475	1587
29.91253000662	1608
29.927856048765	1559
29.94318209091	1604
29.958508133055	1547
29.9738341752	1499
29.989160217345	1469
30.00448625949	1444
30.019812301635	1449
30.03513834378	1476
30.050464385925	1361
30.06579042807	1378
30.081116470215	1436
30.09644251236	1394
30.111768554505	1315
30.12709459665	1362
30.142420638795	1263
30.15774668094	1301
30.173072723085	1371
30.18839876523	1321
30.203724807375	1351
30.21905084952	1257
30.234376891665	1229
30.24970293381	1241
30.265028975955	1318
30.2803550181	1189
30.295681060245	1280
30.31100710239	1284
30.326333144535	1176
30.34165918668	1243
30.356985228825	1152
30.37231127097	1222
30.387637313115	1219
30.40296335526	1290
30.418289397405	1281
30.43361543955	1166
30.448941481695	1292
30.46426752384	1180
30.479593565985	1168
30.49491960813	1207
30.510245650275	1270
30.52557169242	1231
30.540897734565	1185
30.55622377671	1240
30.571549818855	1265
30.586875861	1200
30.602201903145	1235
30.61752794529	1284
30.632853987435	1327
30.64818002958	1334
30.663506071725	1381
30.67883211387	1479
30.694158156015	1461
30.70948419816	1568
30.724810240305	1668
30.74013628245	1668
30.755462324595	1646
30.77078836674	1688
30.786114408885	1794
30.80144045103	1660
30.816766493175	1687
30.83209253532	1753
30.847418577465	1687
30.86274461961	1771
30.878070661755	1637
30.8933967039	1599
30.908722746045	1526
30.92404878819	1488
30.939374830335	1473
30.95470087248	1399
30.970026914625	1428
30.98535295677	1354
31.000678998915	1346
31.01600504106	1249
31.031331083205	1300
31.04665712535	1295
31.061983167495	1234
31.07730920964	1372
31.092635251785	1331
31.10796129393	1398
31.123287336075	1435
31.13861337822	1504
31.153939420365	1694
31.16926546251	1698
31.184591504655	1731
31.1999175468	1771
31.215243588945	1692
31.23056963109	1732
31.245895673235	1823
31.26122171538	1681
31.276547757525	1654
31.29187379967	1648
31.307199841815	1601
31.32252588396	1631
31.337851926105	1597
31.35317796825	1592
31.368504010395	1622
31.38383005254	1654
31.399156094685	1611
31.41448213683	1626
31.429808178975	1604
31.44513422112	1669
31.460460263265	1665
31.47578630541	1607
31.491112347555	1665
31.5064383897	1582
31.521764431845	1548
31.53709047399	1468
31.552416516135	1318
31.56774255828	1262
31.583068600425	1274
31.59839464257	1217
31.613720684715	1150
31.62904672686	1164
31.644372769005	1089
31.65969881115	1085
31.675024853295	1044
31.69035089544	1097
31.705676937585	1077
31.72100297973	1087
31.736329021875	1083
31.75165506402	1086
31.766981106165	1123
31.78230714831	1151
31.797633190455	1206
31.8129592326	1111
31.828285274745	1222
31.84361131689	1181
31.858937359035	1190
31.87426340118	1292
31.889589443325	1308
31.90491548547	1341
31.920241527615	1285
31.93556756976	1308
31.950893611905	1215
31.96621965405	1257
31.981545696195	1248
31.99687173834	1234
32.012197780485	1261
32.02752382263	1201
32.042849864775	1173
32.05817590692	1174
32.073501949065	1124
32.08882799121	1162
32.104154033355	1133
32.1194800755	1140
32.134806117645	1077
32.15013215979	1117
32.165458201935	1130
32.18078424408	1122
32.196110286225	1170
32.21143632837	1077
32.226762370515	1109
32.24208841266	1102
32.257414454805	1101
32.27274049695	1108
32.288066539095	1103
32.30339258124	1140
32.318718623385	1084
32.33404466553	1066
32.349370707675	1080
32.36469674982	1026
32.380022791965	1032
32.39534883411	1027
32.410674876255	1003
32.4260009184	1055
32.441326960545	1024
32.45665300269	1084
32.471979044835	1065
32.48730508698	1066
32.502631129125	1062
32.51795717127	1098
32.533283213415	1082
32.54860925556	1141
32.563935297705	1187
32.57926133985	1202
32.594587381995	1187
32.60991342414	1156
32.625239466285	1134
32.64056550843	1149
32.655891550575	1201
32.67121759272	1202
32.686543634865	1150
32.70186967701	1076
32.717195719155	999
32.7325217613	1013
32.747847803445	1080
32.76317384559	1006
32.778499887735	952
32.79382592988	967
32.809151972025	960
32.82447801417	922
32.839804056315	922
32.85513009846	880
32.870456140605	954
32.88578218275	958
32.901108224895	985
32.91643426704	966
32.931760309185	986
32.94708635133	994
32.962412393475	929
32.97773843562	991
32.993064477765	975
33.00839051991	1005
33.023716562055	1027
33.0390426042	1045
33.054368646345	1137
33.06969468849	1164
33.085020730635	1176
33.10034677278	1197
33.115672814925	1265
33.13099885707	1305
33.146324899215	1267
33.16165094136	1165
33.176976983505	1159
33.19230302565	1115
33.207629067795	1089
33.22295510994	1121
33.238281152085	1082
33.25360719423	1046
33.268933236375	1031
33.28425927852	980
33.299585320665	993
33.31491136281	1008
33.330237404955	1012
33.3455634471	1008
33.360889489245	1056
33.37621553139	1057
33.391541573535	1028
33.40686761568	1017
33.422193657825	999
33.43751969997	970
33.452845742115	981
33.46817178426	1008
33.483497826405	1013
33.49882386855	969
33.514149910695	969
33.52947595284	985
33.544801994985	937
33.56012803713	982
33.575454079275	885
33.59078012142	892
33.606106163565	941
33.62143220571	957
33.636758247855	964
33.65208429	957
33.667410332145	924
33.68273637429	957
33.698062416435	1013
33.71338845858	1055
33.728714500725	1039
33.74404054287	1068
33.759366585015	1124
33.77469262716	1152
33.790018669305	1176
33.80534471145	1157
33.820670753595	1132
33.83599679574	1227
33.851322837885	1266
33.86664888003	1282
33.881974922175	1375
33.89730096432	1476
33.912627006465	1649
33.92795304861	1699
33.943279090755	1979
33.9586051329	2342
33.973931175045	2786
33.98925721719	3304
34.004583259335	4095
34.01990930148	4756
34.035235343625	5369
34.05056138577	5424
34.065887427915	5407
34.08121347006	4879
34.096539512205	4608
34.11186555435	4204
34.127191596495	3945
34.14251763864	3678
34.157843680785	3305
34.17316972293	2752
34.188495765075	2399
34.20382180722	2031
34.219147849365	1668
34.23447389151	1569
34.249799933655	1464
34.2651259758	1428
34.280452017945	1355
34.29577806009	1328
34.311104102235	1307
34.32643014438	1222
34.341756186525	1196
34.35708222867	1152
34.372408270815	1134
34.38773431296	1106
34.403060355105	1111
34.41838639725	1064
34.433712439395	1135
34.44903848154	1111
34.464364523685	1070
34.47969056583	1047
34.495016607975	1013
34.51034265012	1035
34.525668692265	1082
34.54099473441	1075
34.556320776555	1064
34.5716468187	1070
34.586972860845	1022
34.60229890299	1046
34.617624945135	1098
34.63295098728	1010
34.648277029425	1042
34.66360307157	1060
34.678929113715	1089
34.69425515586	994
34.709581198005	1003
34.72490724015	1044
34.740233282295	981
34.75555932444	1033
34.770885366585	949
34.78621140873	1021
34.801537450875	991
34.81686349302	953
34.832189535165	963
34.84751557731	1016
34.862841619455	870
34.8781676616	881
34.893493703745	958
34.90881974589	884
34.924145788035	928
34.93947183018	912
34.954797872325	945
34.97012391447	933
34.985449956615	899
35.00077599876	901
35.016102040905	892
35.03142808305	880
35.046754125195	926
35.06208016734	897
35.077406209485	912
35.09273225163	854
35.108058293775	914
35.12338433592	934
35.138710378065	849
35.15403642021	963
35.169362462355	935
35.1846885045	869
35.200014546645	896
35.21534058879	912
35.230666630935	920
35.24599267308	863
35.261318715225	913
35.27664475737	939
35.291970799515	890
35.30729684166	948
35.322622883805	908
35.33794892595	857
35.353274968095	924
35.36860101024	947
35.383927052385	953
35.39925309453	1055
35.414579136675	991
35.42990517882	1060
35.445231220965	1029
35.46055726311	1064
35.475883305255	1096
35.4912093474	1071
35.506535389545	1151
35.52186143169	1170
35.537187473835	1120
35.55251351598	1140
35.567839558125	1238
35.58316560027	1282
35.598491642415	1265
35.61381768456	1134
35.629143726705	1193
35.64446976885	1116
35.659795810995	1056
35.67512185314	1129
35.690447895285	1075
35.70577393743	1048
35.721099979575	1008
35.73642602172	1038
35.751752063865	1063
35.76707810601	1054
35.782404148155	1116
35.7977301903	1174
35.813056232445	1236
35.82838227459	1298
35.843708316735	1334
35.85903435888	1599
35.874360401025	1743
35.88968644317	2000
35.905012485315	2261
35.92033852746	2656
35.935664569605	3014
35.95099061175	3454
35.966316653895	3454
35.98164269604	3195
35.996968738185	2755
36.01229478033	2518
36.027620822475	2433
36.04294686462	2403
36.058272906765	2214
36.07359894891	2015
36.088924991055	1683
36.1042510332	1371
36.119577075345	1181
36.13490311749	1058
36.150229159635	1001
36.16555520178	932
36.180881243925	989
36.19620728607	873
36.211533328215	840
36.22685937036	871
36.242185412505	849
36.25751145465	834
36.272837496795	818
36.28816353894	771
36.303489581085	785
36.31881562323	840
36.334141665375	808
36.34946770752	794
36.364793749665	810
36.38011979181	826
36.395445833955	887
36.4107718761	842
36.426097918245	882
36.44142396039	1015
36.456750002535	1057
36.47207604468	1185
36.487402086825	1218
36.50272812897	1303
36.518054171115	1200
36.53338021326	1076
36.548706255405	1065
36.56403229755	1103
36.579358339695	1033
36.59468438184	1021
36.610010423985	964
36.62533646613	930
36.640662508275	865
36.65598855042	874
36.671314592565	830
36.68664063471	798
36.701966676855	770
36.717292719	753
36.732618761145	726
36.74794480329	745
36.763270845435	729
36.77859688758	719
36.793922929725	730
36.80924897187	736
36.824575014015	708
36.83990105616	713
36.855227098305	782
36.87055314045	734
36.885879182595	757
36.90120522474	756
36.916531266885	735
36.93185730903	765
36.947183351175	740
36.96250939332	695
36.977835435465	738
36.99316147761	724
37.008487519755	740
37.0238135619	764
37.039139604045	780
37.05446564619	797
37.069791688335	797
37.08511773048	780
37.100443772625	834
37.11576981477	821
37.131095856915	841
37.14642189906	832
37.161747941205	798
37.17707398335	862
37.192400025495	828
37.20772606764	859
37.223052109785	859
37.23837815193	861
37.253704194075	855
37.26903023622	856
37.284356278365	893
37.29968232051	843
37.315008362655	884
37.3303344048	932
37.345660446945	919
37.36098648909	868
37.376312531235	923
37.39163857338	894
37.406964615525	945
37.42229065767	935
37.437616699815	925
37.45294274196	940
37.468268784105	1004
37.48359482625	1000
37.498920868395	1063
37.51424691054	1077
37.529572952685	1101
37.54489899483	1138
37.560225036975	1275
37.57555107912	1250
37.590877121265	1315
37.60620316341	1374
37.621529205555	1445
37.6368552477	1673
37.652181289845	1687
37.66750733199	1781
37.682833374135	1870
37.69815941628	1964
37.713485458425	1920
37.72881150057	1944
37.744137542715	1949
37.75946358486	2008
37.774789627005	2047
37.79011566915	2042
37.805441711295	1953
37.82076775344	1926
37.836093795585	1831
37.85141983773	1783
37.866745879875	1715
37.88207192202	1512
37.897397964165	1521
37.91272400631	1402
37.928050048455	1385
37.9433760906	1293
37.958702132745	1212
37.97402817489	1184
37.989354217035	1159
38.00468025918	1101
38.020006301325	1086
38.03533234347	1043
38.050658385615	1004
38.06598442776	980
38.081310469905	979
38.09663651205	895
38.111962554195	882
38.12728859634	919
38.142614638485	858
38.15794068063	858
38.173266722775	881
38.18859276492	884
38.203918807065	872
38.21924484921	823
38.234570891355	823
38.2498969335	834
38.265222975645	805
38.28054901779	802
38.295875059935	872
38.31120110208	809
38.326527144225	782
38.34185318637	798
38.357179228515	849
38.37250527066	735
38.387831312805	756
38.40315735495	740
38.418483397095	754
38.43380943924	780
38.449135481385	803
38.46446152353	757
38.479787565675	778
38.49511360782	774
38.510439649965	752
38.52576569211	768
38.541091734255	735
38.5564177764	798
38.571743818545	770
38.58706986069	765
38.602395902835	758
38.61772194498	802
38.633047987125	779
38.64837402927	773
38.663700071415	800
38.67902611356	750
38.694352155705	813
38.70967819785	767
38.725004239995	803
38.74033028214	818
38.755656324285	790
38.77098236643	775
38.786308408575	850
38.80163445072	796
38.816960492865	847
38.83228653501	799
38.847612577155	813
38.8629386193	806
38.878264661445	837
38.89359070359	787
38.908916745735	761
38.92424278788	836
38.939568830025	840
38.95489487217	822
38.970220914315	826
38.98554695646	869
39.000872998605	846
39.01619904075	825
39.031525082895	817
39.04685112504	841
39.062177167185	860
39.07750320933	869
39.092829251475	857
39.10815529362	915
39.123481335765	946
39.13880737791	897
39.154133420055	982
39.1694594622	1051
39.184785504345	1035
39.20011154649	1136
39.215437588635	1190
39.23076363078	1235
39.246089672925	1432
39.26141571507	1559
39.276741757215	1741
39.29206779936	2038
39.307393841505	2242
39.32271988365	2623
39.338045925795	3064
39.35337196794	3786
39.368698010085	4377
39.38402405223	4858
39.399350094375	5354
39.41467613652	5235
39.430002178665	4894
39.44532822081	4385
39.460654262955	3915
39.4759803051	3612
39.491306347245	3465
39.50663238939	3261
39.521958431535	2974
39.53728447368	2544
39.552610515825	2136
39.56793655797	1743
39.583262600115	1462
39.59858864226	1309
39.613914684405	1138
39.62924072655	1092
39.644566768695	985
39.65989281084	913
39.675218852985	917
39.69054489513	912
39.705870937275	879
39.72119697942	823
39.736523021565	851
39.75184906371	826
39.767175105855	835
39.782501148	774
39.797827190145	798
39.81315323229	782
39.828479274435	747
39.84380531658	758
39.859131358725	769
39.87445740087	760
39.889783443015	738
39.90510948516	747
39.920435527305	735
39.93576156945	722
39.951087611595	722
39.96641365374	710
39.981739695885	690
39.99706573803	662
40.012391780175	703
40.02771782232	731
40.043043864465	691
40.05836990661	707
40.073695948755	674
40.0890219909	708
40.104348033045	697
40.11967407519	679
40.135000117335	709
40.15032615948	645
40.165652201625	690
40.18097824377	745
40.196304285915	805
40.21163032806	877
40.226956370205	884
40.24228241235	951
40.257608454495	933
40.27293449664	867
40.288260538785	818
40.30358658093	766
40.318912623075	818
40.33423866522	776
40.349564707365	799
40.36489074951	793
40.380216791655	790
40.3955428338	723
40.410868875945	701
40.42619491809	726
40.441520960235	645
40.45684700238	680
40.472173044525	674
40.48749908667	700
40.502825128815	639
40.51815117096	705
40.533477213105	615
40.54880325525	678
40.564129297395	707
40.57945533954	696
40.594781381685	678
40.61010742383	707
40.625433465975	725
40.64075950812	692
40.656085550265	700
40.67141159241	685
40.686737634555	710
40.7020636767	732
40.717389718845	697
40.73271576099	717
40.748041803135	744
40.76336784528	736
40.778693887425	734
40.79401992957	780
40.809345971715	782
40.82467201386	800
40.839998056005	755
40.85532409815	820
40.870650140295	801
40.88597618244	807
40.901302224585	809
40.91662826673	805
40.931954308875	856
40.94728035102	835
40.962606393165	855
40.97793243531	864
40.993258477455	819
41.0085845196	823
41.023910561745	822
41.03923660389	858
41.054562646035	841
41.06988868818	894
41.085214730325	761
41.10054077247	771
41.115866814615	796
41.13119285676	797
41.146518898905	748
41.16184494105	726
41.177170983195	708
41.19249702534	701
41.207823067485	720
41.22314910963	756
41.238475151775	712
41.25380119392	657
41.269127236065	726
41.28445327821	702
41.299779320355	662
41.3151053625	703
41.330431404645	677
41.34575744679	710
41.361083488935	698
41.37640953108	682
41.391735573225	690
41.40706161537	744
41.422387657515	683
41.43771369966	721
41.453039741805	714
41.46836578395	698
41.483691826095	694
41.49901786824	719
41.514343910385	694
41.52966995253	756
41.544995994675	722
41.56032203682	725
41.575648078965	793
41.59097412111	752
41.606300163255	745
41.6216262054	757
41.636952247545	807
41.65227828969	788
41.667604331835	773
41.68293037398	713
41.698256416125	733
41.71358245827	783
41.728908500415	750
41.74423454256	735
41.759560584705	746
41.77488662685	713
41.790212668995	729
41.80553871114	683
41.820864753285	747
41.83619079543	700
41.851516837575	760
41.86684287972	700
41.882168921865	725
41.89749496401	752
41.912821006155	658
41.9281470483	732
41.943473090445	656
41.95879913259	724
41.974125174735	714
41.98945121688	641
42.004777259025	676
42.02010330117	725
42.035429343315	687
42.05075538546	709
42.066081427605	655
42.08140746975	672
42.096733511895	671
42.11205955404	649
42.127385596185	680
42.14271163833	655
42.158037680475	719
42.17336372262	662
42.188689764765	747
42.20401580691	690
42.219341849055	733
42.2346678912	724
42.249993933345	697
42.26531997549	709
42.280646017635	702
42.29597205978	793
42.311298101925	797
42.32662414407	830
42.341950186215	885
42.35727622836	961
42.372602270505	1137
42.38792831265	1139
42.403254354795	1129
42.41858039694	1022
42.433906439085	927
42.44923248123	886
42.464558523375	834
42.47988456552	908
42.495210607665	942
42.51053664981	960
42.525862691955	903
42.5411887341	877
42.556514776245	777
42.57184081839	779
42.587166860535	772
42.60249290268	772
42.617818944825	784
42.63314498697	786
42.648471029115	767
42.66379707126	802
42.679123113405	796
42.69444915555	827
42.709775197695	721
42.72510123984	757
42.740427281985	819
42.75575332413	834
42.771079366275	825
42.78640540842	806
42.801731450565	888
42.81705749271	829
42.832383534855	878
42.847709577	960
42.863035619145	945
42.87836166129	966
42.893687703435	968
42.90901374558	1031
42.924339787725	1014
42.93966582987	1010
42.954991872015	1084
42.97031791416	1203
42.985643956305	1248
43.00096999845	1341
43.016296040595	1486
43.03162208274	1639
43.046948124885	1777
43.06227416703	1954
43.077600209175	2242
43.09292625132	2639
43.108252293465	3101
43.12357833561	3511
43.138904377755	4044
43.1542304199	4789
43.169556462045	4665
43.18488250419	3979
43.200208546335	3097
43.21553458848	2769
43.230860630625	2662
43.24618667277	2607
43.261512714915	2909
43.27683875706	2800
43.292164799205	2439
43.30749084135	1900
43.322816883495	1605
43.33814292564	1343
43.353468967785	1156
43.36879500993	1101
43.384121052075	1063
43.39944709422	961
43.414773136365	894
43.43009917851	912
43.445425220655	886
43.4607512628	873
43.476077304945	895
43.49140334709	823
43.506729389235	800
43.52205543138	785
43.537381473525	802
43.55270751567	804
43.568033557815	775
43.58335959996	779
43.598685642105	811
43.61401168425	712
43.629337726395	783
43.64466376854	760
43.659989810685	757
43.67531585283	785
43.690641894975	800
43.70596793712	712
43.721293979265	738
43.73662002141	756
43.751946063555	683
43.7672721057	722
43.782598147845	731
43.79792418999	698
43.813250232135	696
43.82857627428	767
43.843902316425	713
43.85922835857	732
43.874554400715	679
43.88988044286	763
43.905206485005	736
43.92053252715	700
43.935858569295	695
43.95118461144	748
43.966510653585	751
43.98183669573	722
43.997162737875	696
44.01248878002	707
44.027814822165	679
44.04314086431	656
44.058466906455	737
44.0737929486	711
44.089118990745	744
44.10444503289	710
44.119771075035	691
44.13509711718	712
44.150423159325	722
44.16574920147	725
44.181075243615	767
44.19640128576	734
44.211727327905	733
44.22705337005	752
44.242379412195	718
44.25770545434	700
44.273031496485	743
44.28835753863	749
44.303683580775	735
44.31900962292	785
44.334335665065	768
44.34966170721	716
44.364987749355	707
44.3803137915	752
44.395639833645	794
44.41096587579	718
44.426291917935	752
44.44161796008	796
44.456944002225	781
44.47227004437	800
44.487596086515	753
44.50292212866	739
44.518248170805	723
44.53357421295	705
44.548900255095	738
44.56422629724	727
44.579552339385	718
44.59487838153	713
44.610204423675	771
44.62553046582	705
44.640856507965	779
44.65618255011	747
44.671508592255	792
44.6868346344	768
44.702160676545	746
44.71748671869	795
44.732812760835	717
44.74813880298	771
44.763464845125	782
44.77879088727	732
44.794116929415	833
44.80944297156	816
44.824769013705	811
44.84009505585	842
44.855421097995	839
44.87074714014	849
44.886073182285	891
44.90139922443	862
44.916725266575	867
44.93205130872	812
44.947377350865	793
44.96270339301	787
44.978029435155	827
44.9933554773	869
45.008681519445	803
45.02400756159	795
45.039333603735	800
45.05465964588	784
45.069985688025	813
45.08531173017	784
45.100637772315	804
45.11596381446	796
45.131289856605	755
45.14661589875	721
45.161941940895	747
45.17726798304	774
45.192594025185	768
45.20792006733	686
45.223246109475	766
45.23857215162	704
45.253898193765	766
45.26922423591	726
45.284550278055	721
45.2998763202	742
45.315202362345	768
45.33052840449	733
45.345854446635	750
45.36118048878	765
45.376506530925	740
45.39183257307	743
45.407158615215	726
45.42248465736	725
45.437810699505	808
45.45313674165	749
45.468462783795	777
45.48378882594	790
45.499114868085	735
45.51444091023	754
45.529766952375	788
45.54509299452	767
45.560419036665	728
45.57574507881	757
45.591071120955	769
45.6063971631	746
45.621723205245	779
45.63704924739	751
45.652375289535	807
45.66770133168	787
45.683027373825	827
45.69835341597	907
45.713679458115	982
45.72900550026	962
45.744331542405	1099
45.75965758455	1008
45.774983626695	1035
45.79030966884	972
45.805635710985	906
45.82096175313	897
45.836287795275	903
45.85161383742	949
45.866939879565	955
45.88226592171	885
45.897591963855	861
45.912918006	858
45.928244048145	895
45.94357009029	795
45.958896132435	826
45.97422217458	810
45.989548216725	819
46.00487425887	792
46.020200301015	790
46.03552634316	778
46.050852385305	809
46.06617842745	773
46.081504469595	787
46.09683051174	752
46.112156553885	812
46.12748259603	773
46.142808638175	785
46.15813468032	809
46.173460722465	816
46.18878676461	844
46.204112806755	837
46.2194388489	854
46.234764891045	828
46.25009093319	818
46.265416975335	866
46.28074301748	822
46.296069059625	814
46.31139510177	846
46.326721143915	831
46.34204718606	816
46.357373228205	854
46.37269927035	812
46.388025312495	804
46.40335135464	844
46.418677396785	793
46.43400343893	753
46.449329481075	828
46.46465552322	777
46.479981565365	792
46.49530760751	751
46.510633649655	794
46.5259596918	817
46.541285733945	794
46.55661177609	766
46.571937818235	797
46.58726386038	805
46.602589902525	797
46.61791594467	776
46.633241986815	842
46.64856802896	811
46.663894071105	833
46.67922011325	872
46.694546155395	810
46.70987219754	806
46.725198239685	860
46.74052428183	834
46.755850323975	872
46.77117636612	955
46.786502408265	926
46.80182845041	985
46.817154492555	1028
46.8324805347	1017
46.847806576845	1046
46.86313261899	1052
46.878458661135	1158
46.89378470328	1209
46.909110745425	1205
46.92443678757	1318
46.939762829715	1455
46.95508887186	1550
46.970414914005	1838
46.98574095615	1999
47.001066998295	2261
47.01639304044	2529
47.031719082585	2778
47.04704512473	3079
47.062371166875	3345
47.07769720902	3523
47.093023251165	3480
47.10834929331	3356
47.123675335455	3158
47.1390013776	3074
47.154327419745	2845
47.16965346189	2781
47.184979504035	2659
47.20030554618	2703
47.215631588325	2596
47.23095763047	2407
47.246283672615	2183
47.26160971476	2017
47.276935756905	2004
47.29226179905	1918
47.307587841195	1858
47.32291388334	1793
47.338239925485	1939
47.35356596763	1960
47.368892009775	2098
47.38421805192	2357
47.399544094065	2631
47.41487013621	2838
47.430196178355	3079
47.4455222205	3541
47.460848262645	3668
47.47617430479	3787
47.491500346935	3780
47.50682638908	3787
47.522152431225	3650
47.53747847337	3223
47.552804515515	3138
47.56813055766	3001
47.583456599805	2758
47.59878264195	2817
47.614108684095	2676
47.62943472624	2390
47.644760768385	2278
47.66008681053	1961
47.675412852675	1729
47.69073889482	1549
47.706064936965	1386
47.72139097911	1260
47.736717021255	1166
47.7520430634	1088
47.767369105545	1007
47.78269514769	985
47.798021189835	949
47.81334723198	937
47.828673274125	874
47.84399931627	889
47.859325358415	878
47.87465140056	886
47.889977442705	866
47.90530348485	890
47.920629526995	760
47.93595556914	737
47.951281611285	813
47.96660765343	788
47.981933695575	825
47.99725973772	823
48.012585779865	839
48.02791182201	841
48.043237864155	856
48.0585639063	807
48.073889948445	828
48.08921599059	860
48.104542032735	843
48.11986807488	843
48.135194117025	898
48.15052015917	861
48.165846201315	861
48.18117224346	843
48.196498285605	903
48.21182432775	968
48.227150369895	939
48.24247641204	994
48.257802454185	1005
48.27312849633	1111
48.288454538475	1099
48.30378058062	1170
48.319106622765	1273
48.33443266491	1503
48.349758707055	1568
48.3650847492	1791
48.380410791345	2010
48.39573683349	2351
48.411062875635	2555
48.42638891778	3141
48.441714959925	3374
48.45704100207	3694
48.472367044215	3637
48.48769308636	3671
48.503019128505	3566
48.51834517065	3576
48.533671212795	3242
48.54899725494	3146
48.564323297085	3019
48.57964933923	2970
48.594975381375	2747
48.61030142352	2511
48.625627465665	2419
48.64095350781	2208
48.656279549955	1997
48.6716055921	1798
48.686931634245	1521
48.70225767639	1442
48.717583718535	1255
48.73290976068	1115
48.748235802825	1063
48.76356184497	960
48.778887887115	1005
48.79421392926	832
48.809539971405	837
48.82486601355	857
48.840192055695	826
48.85551809784	775
48.870844139985	791
48.88617018213	762
48.901496224275	839
48.91682226642	801
48.932148308565	785
48.94747435071	818
48.962800392855	822
48.978126435	807
48.993452477145	812
49.00877851929	835
49.024104561435	887
49.03943060358	857
49.054756645725	871
49.07008268787	853
49.085408730015	827
49.10073477216	890
49.116060814305	810
49.13138685645	859
49.146712898595	819
49.16203894074	801
49.177364982885	816
49.19269102503	825
49.208017067175	835
49.22334310932	802
49.238669151465	785
49.25399519361	805
49.269321235755	777
49.2846472779	828
49.299973320045	803
49.31529936219	733
49.330625404335	760
49.34595144648	817
49.361277488625	793
49.37660353077	815
49.391929572915	824
49.40725561506	823
49.422581657205	878
49.43790769935	828
49.453233741495	812
49.46855978364	872
49.483885825785	845
49.49921186793	843
49.514537910075	849
49.52986395222	854
49.545189994365	852
49.56051603651	835
49.575842078655	883
49.5911681208	800
49.606494162945	830
49.62182020509	777
49.637146247235	825
49.65247228938	866
49.667798331525	814
49.68312437367	768
49.698450415815	816
49.71377645796	809
49.729102500105	802
49.74442854225	867
49.759754584395	812
49.77508062654	815
49.790406668685	813
49.80573271083	835
49.821058752975	806
49.83638479512	843
49.851710837265	845
49.86703687941	788
49.882362921555	866
49.8976889637	801
49.913015005845	800
49.92834104799	861
49.943667090135	931
49.95899313228	857
49.974319174425	977
49.98964521657	979
50.004971258715	1074
50.02029730086	1177
50.035623343005	1236
50.05094938515	1448
50.066275427295	1665
50.08160146944	1797
50.096927511585	1975
50.11225355373	1858
50.127579595875	1569
50.14290563802	1332
50.158231680165	1213
50.17355772231	1262
50.188883764455	1353
50.2042098066	1322
50.219535848745	1499
50.23486189089	1529
50.250187933035	1517
50.26551397518	1312
50.280840017325	1254
50.29616605947	1206
50.311492101615	1156
50.32681814376	1162
50.342144185905	1158
50.35747022805	1128
50.372796270195	1212
50.38812231234	1195
50.403448354485	1197
50.41877439663	1301
50.434100438775	1256
50.44942648092	1307
50.464752523065	1316
50.48007856521	1344
50.495404607355	1386
50.5107306495	1346
50.526056691645	1330
50.54138273379	1330
50.556708775935	1395
50.57203481808	1422
50.587360860225	1437
50.60268690237	1467
50.618012944515	1500
50.63333898666	1508
50.648665028805	1600
50.66399107095	1657
50.679317113095	1756
50.69464315524	1920
50.709969197385	1981
50.72529523953	2181
50.740621281675	2177
50.75594732382	2193
50.771273365965	1991
50.78659940811	1908
50.801925450255	1771
50.8172514924	1760
50.832577534545	1662
50.84790357669	1693
50.863229618835	1638
50.87855566098	1641
50.893881703125	1554
50.90920774527	1536
50.924533787415	1349
50.93985982956	1316
50.955185871705	1162
50.97051191385	1138
50.985837955995	1082
51.00116399814	1027
51.016490040285	978
51.03181608243	984
51.047142124575	952
51.06246816672	853
51.077794208865	914
51.09312025101	848
51.108446293155	861
51.1237723353	798
51.139098377445	789
51.15442441959	748
51.169750461735	709
51.18507650388	741
51.200402546025	711
51.21572858817	708
51.231054630315	718
51.24638067246	699
51.261706714605	658
51.27703275675	664
51.292358798895	671
51.30768484104	683
51.323010883185	642
51.33833692533	662
51.353662967475	636
51.36898900962	640
51.384315051765	638
51.39964109391	664
51.414967136055	681
51.4302931782	697
51.445619220345	647
51.46094526249	674
51.476271304635	671
51.49159734678	656
51.506923388925	648
51.52224943107	629
51.537575473215	624
51.55290151536	644
51.568227557505	650
51.58355359965	648
51.598879641795	661
51.61420568394	715
51.629531726085	697
51.64485776823	642
51.660183810375	644
51.67550985252	714
51.690835894665	657
51.70616193681	665
51.721487978955	625
51.7368140211	702
51.752140063245	693
51.76746610539	663
51.782792147535	722
51.79811818968	697
51.813444231825	650
51.82877027397	705
51.844096316115	746
51.85942235826	690
51.874748400405	683
51.89007444255	708
51.905400484695	727
51.92072652684	719
51.936052568985	707
51.95137861113	706
51.966704653275	660
51.98203069542	666
51.997356737565	634
52.01268277971	664
52.028008821855	699
52.043334864	657
52.058660906145	643
52.07398694829	674
52.089312990435	654
52.10463903258	619
52.119965074725	687
52.13529111687	599
52.150617159015	633
52.16594320116	582
52.181269243305	658
52.19659528545	616
52.211921327595	615
52.22724736974	633
52.242573411885	573
52.25789945403	595
52.273225496175	623
52.28855153832	631
52.303877580465	607
52.31920362261	591
52.334529664755	592
52.3498557069	590
52.365181749045	601
52.38050779119	550
52.395833833335	639
52.41115987548	598
52.426485917625	546
52.44181195977	586
52.457138001915	589
52.47246404406	604
52.487790086205	588
52.50311612835	586
52.518442170495	590
52.53376821264	571
52.549094254785	622
52.56442029693	565
52.579746339075	578
52.59507238122	554
52.610398423365	578
52.62572446551	570
52.641050507655	613
52.6563765498	551
52.671702591945	635
52.68702863409	609
52.702354676235	642
52.71768071838	613
52.733006760525	635
52.74833280267	608
52.763658844815	595
52.77898488696	639
52.794310929105	633
52.80963697125	605
52.824963013395	637
52.84028905554	605
52.855615097685	606
52.87094113983	568
52.886267181975	601
52.90159322412	601
52.916919266265	607
52.93224530841	614
52.947571350555	559
52.9628973927	652
52.978223434845	589
52.99354947699	605
53.008875519135	611
53.02420156128	604
53.039527603425	548
53.05485364557	631
53.070179687715	604
53.08550572986	607
53.100831772005	544
53.11615781415	611
53.131483856295	567
53.14680989844	633
53.162135940585	596
53.17746198273	564
53.192788024875	565
53.20811406702	567
53.223440109165	617
53.23876615131	585
53.254092193455	586
53.2694182356	542
53.284744277745	584
53.30007031989	566
53.315396362035	554
53.33072240418	556
53.346048446325	626
53.36137448847	544
53.376700530615	504
53.39202657276	565
53.407352614905	571
53.42267865705	577
53.438004699195	558
53.45333074134	572
53.468656783485	572
53.48398282563	518
53.499308867775	577
53.51463490992	603
53.529960952065	586
53.54528699421	554
53.560613036355	545
53.5759390785	552
53.591265120645	565
53.60659116279	573
53.621917204935	582
53.63724324708	581
53.652569289225	528
53.66789533137	589
53.683221373515	590
53.69854741566	574
53.713873457805	561
53.72919949995	568
53.744525542095	575
53.75985158424	558
53.775177626385	600
53.79050366853	591
53.805829710675	533
53.82115575282	626
53.836481794965	642
53.85180783711	630
53.867133879255	612
53.8824599214	623
53.897785963545	636
53.91311200569	615
53.928438047835	646
53.94376408998	667
53.959090132125	649
53.97441617427	653
53.989742216415	721
54.00506825856	741
54.020394300705	685
54.03572034285	767
54.051046384995	724
54.06637242714	715
54.081698469285	733
54.09702451143	761
54.112350553575	700
54.12767659572	775
54.143002637865	752
54.15832868001	830
54.173654722155	796
54.1889807643	855
54.204306806445	872
54.21963284859	939
54.234958890735	911
54.25028493288	1075
54.265610975025	1135
54.28093701717	1213
54.296263059315	1268
54.31158910146	1273
54.326915143605	1199
54.34224118575	1070
54.357567227895	996
54.37289327004	999
54.388219312185	956
54.40354535433	952
54.418871396475	978
54.43419743862	972
54.449523480765	987
54.46484952291	943
54.480175565055	879
54.4955016072	847
54.510827649345	767
54.52615369149	722
54.541479733635	653
54.55680577578	657
54.572131817925	684
54.58745786007	698
54.602783902215	671
54.61810994436	603
54.633435986505	621
54.64876202865	626
54.664088070795	628
54.67941411294	587
54.694740155085	608
54.71006619723	667
54.725392239375	655
54.74071828152	707
54.756044323665	702
54.77137036581	725
54.786696407955	795
54.8020224501	855
54.817348492245	851
54.83267453439	956
54.848000576535	861
54.86332661868	798
54.878652660825	688
54.89397870297	747
54.909304745115	744
54.92463078726	701
54.939956829405	776
54.95528287155	845
54.970608913695	764
54.98593495584	779
55.001260997985	734
55.01658704013	702
55.031913082275	709
55.04723912442	660
55.062565166565	633
55.07789120871	644
55.093217250855	608
55.108543293	628
55.123869335145	614
55.13919537729	630
55.154521419435	588
55.16984746158	672
55.185173503725	645
55.20049954587	621
55.215825588015	633
55.23115163016	698
55.246477672305	680
55.26180371445	718
55.277129756595	724
55.29245579874	689
55.307781840885	700
55.32310788303	665
55.338433925175	640
55.35375996732	675
55.369086009465	649
55.38441205161	610
55.399738093755	665
55.4150641359	680
55.430390178045	702
55.44571622019	670
55.461042262335	582
55.47636830448	679
55.491694346625	602
55.50702038877	656
55.522346430915	656
55.53767247306	612
55.552998515205	593
55.56832455735	534
55.583650599495	531
55.59897664164	533
55.614302683785	562
55.62962872593	527
55.644954768075	589
55.66028081022	566
55.675606852365	544
55.69093289451	538
55.706258936655	555
55.7215849788	523
55.736911020945	561
55.75223706309	560
55.767563105235	533
55.78288914738	546
55.798215189525	536
55.81354123167	525
55.828867273815	574
55.84419331596	541
55.859519358105	554
55.87484540025	578
55.890171442395	580
55.90549748454	578
55.920823526685	572
55.93614956883	537
55.951475610975	553
55.96680165312	563
55.982127695265	566
55.99745373741	569
56.012779779555	593
56.0281058217	591
56.043431863845	554
56.05875790599	586
56.074083948135	581
56.08940999028	565
56.104736032425	528
56.12006207457	624
56.135388116715	613
56.15071415886	572
56.166040201005	586
56.18136624315	618
56.196692285295	558
56.21201832744	586
56.227344369585	589
56.24267041173	594
56.257996453875	614
56.27332249602	625
56.288648538165	596
56.30397458031	588
56.319300622455	603
56.3346266646	568
56.349952706745	599
56.36527874889	629
56.380604791035	623
56.39593083318	714
56.411256875325	676
56.42658291747	701
56.441908959615	737
56.45723500176	760
56.472561043905	774
56.48788708605	820
56.503213128195	906
56.51853917034	932
56.533865212485	930
56.54919125463	984
56.564517296775	1098
56.57984333892	1055
56.595169381065	974
56.61049542321	892
56.625821465355	845
56.6411475075	881
56.656473549645	803
56.67179959179	847
56.687125633935	858
56.70245167608	838
56.717777718225	812
56.73310376037	797
56.748429802515	767
56.76375584466	706
56.779081886805	678
56.79440792895	657
56.809733971095	614
56.82506001324	579
56.840386055385	592
56.85571209753	600
56.871038139675	565
56.88636418182	570
56.901690223965	612
56.91701626611	562
56.932342308255	579
56.9476683504	574
56.962994392545	553
56.97832043469	597
56.993646476835	589
57.00897251898	558
57.024298561125	627
57.03962460327	572
57.054950645415	627
57.07027668756	607
57.085602729705	650
57.10092877185	592
57.116254813995	618
57.13158085614	644
57.146906898285	673
57.16223294043	719
57.177558982575	809
57.19288502472	781
57.208211066865	790
57.22353710901	805
57.238863151155	811
57.2541891933	918
57.269515235445	1000
57.28484127759	1116
57.300167319735	1112
57.31549336188	1266
57.330819404025	1313
57.34614544617	1512
57.361471488315	1659
57.37679753046	1713
57.392123572605	1826
57.40744961475	1909
57.422775656895	1719
57.43810169904	1640
57.453427741185	1583
57.46875378333	1437
57.484079825475	1273
57.49940586762	1314
57.514731909765	1283
57.53005795191	1360
57.545383994055	1313
57.5607100362	1230
57.576036078345	1205
57.59136212049	1115
57.606688162635	990
57.62201420478	900
57.637340246925	861
57.65266628907	766
57.667992331215	688
57.68331837336	692
57.698644415505	658
57.71397045765	647
57.729296499795	603
57.74462254194	693
57.759948584085	667
57.77527462623	597
57.790600668375	594
57.80592671052	583
57.821252752665	635
57.83657879481	613
57.851904836955	577
57.8672308791	576
57.882556921245	607
57.89788296339	657
57.913209005535	641
57.92853504768	679
57.943861089825	665
57.95918713197	720
57.974513174115	680
57.98983921626	687
58.005165258405	737
58.02049130055	767
58.035817342695	762
58.05114338484	752
58.066469426985	799
58.08179546913	807
58.097121511275	804
58.11244755342	777
58.127773595565	813
58.14309963771	800
58.158425679855	808
58.173751722	812
58.189077764145	798
58.20440380629	788
58.219729848435	850
58.23505589058	776
58.250381932725	733
58.26570797487	790
58.281034017015	759
58.29636005916	692
58.311686101305	725
58.32701214345	748
58.342338185595	757
58.35766422774	676
58.372990269885	694
58.38831631203	640
58.403642354175	660
58.41896839632	708
58.434294438465	660
58.44962048061	618
58.464946522755	605
58.4802725649	669
58.495598607045	660
58.51092464919	606
58.526250691335	607
58.54157673348	601
58.556902775625	581
58.57222881777	578
58.587554859915	605
58.60288090206	606
58.618206944205	628
58.63353298635	600
58.648859028495	590
58.66418507064	571
58.679511112785	578
58.69483715493	556
58.710163197075	550
58.72548923922	575
58.740815281365	569
58.75614132351	589
58.771467365655	560
58.7867934078	562
58.802119449945	566
58.81744549209	577
58.832771534235	538
58.84809757638	545
58.863423618525	550
58.87874966067	506
58.894075702815	506
58.90940174496	533
58.924727787105	536
58.94005382925	530
58.955379871395	547
58.97070591354	509
58.986031955685	502
59.00135799783	515
59.016684039975	512
59.03201008212	526
59.047336124265	527
59.06266216641	542
59.077988208555	496
59.0933142507	509
59.108640292845	529
59.12396633499	497
59.139292377135	476
59.15461841928	507
59.169944461425	556
59.18527050357	495
59.200596545715	495
59.21592258786	569
59.231248630005	528
59.24657467215	492
59.261900714295	513
59.27722675644	628
59.292552798585	590
59.30787884073	608
59.323204882875	630
59.33853092502	615
59.353856967165	579
59.36918300931	549
59.384509051455	543
59.3998350936	557
59.415161135745	558
59.43048717789	546
59.445813220035	558
59.46113926218	594
59.476465304325	548
59.49179134647	563
59.507117388615	547
59.52244343076	551
59.537769472905	559
59.55309551505	558
59.568421557195	544
59.58374759934	591
59.599073641485	548
59.61439968363	562
59.629725725775	572
59.64505176792	545
59.660377810065	608
59.67570385221	566
59.691029894355	549
59.7063559365	584
59.721681978645	570
59.73700802079	583
59.752334062935	610
59.76766010508	599
59.782986147225	664
59.79831218937	627
59.813638231515	723
59.82896427366	735
59.844290315805	849
59.85961635795	967
59.874942400095	1174
59.89026844224	1198
59.905594484385	1289
59.92092052653	1236
59.936246568675	1045
59.95157261082	908
59.966898652965	770
59.98222469511	756
59.997550737255	770
60.0128767794	778
60.028202821545	809
60.04352886369	812
60.058854905835	922
60.07418094798	941
60.089506990125	870
60.10483303227	821
60.120159074415	666
60.13548511656	687
60.150811158705	647
60.16613720085	575
60.181463242995	585
60.19678928514	569
60.212115327285	555
60.22744136943	598
60.242767411575	593
60.25809345372	569
60.273419495865	577
60.28874553801	574
60.304071580155	581
60.3193976223	586
60.334723664445	559
60.35004970659	608
60.365375748735	550
60.38070179088	573
60.396027833025	592
60.41135387517	620
60.426679917315	617
60.44200595946	629
60.457332001605	689
60.47265804375	635
60.487984085895	711
60.50331012804	731
60.518636170185	758
60.53396221233	796
60.549288254475	910
60.56461429662	887
60.579940338765	930
60.59526638091	1073
60.610592423055	1106
60.6259184652	1189
60.641244507345	1349
60.65657054949	1419
60.671896591635	1392
60.68722263378	1405
60.702548675925	1306
60.71787471807	1207
60.733200760215	1216
60.74852680236	1110
60.763852844505	1081
60.77917888665	1056
60.794504928795	1045
60.80983097094	1071
60.825157013085	1144
60.84048305523	1089
60.855809097375	1058
60.87113513952	1069
60.886461181665	1043
60.90178722381	975
60.917113265955	993
60.9324393081	957
60.947765350245	942
60.96309139239	984
60.978417434535	1003
60.99374347668	989
61.009069518825	917
61.02439556097	917
61.039721603115	896
61.05504764526	878
61.070373687405	837
61.08569972955	798
61.101025771695	845
61.11635181384	880
61.131677855985	835
61.14700389813	827
61.162329940275	847
61.17765598242	809
61.192982024565	793
61.20830806671	759
61.223634108855	815
61.238960151	782
61.254286193145	791
61.26961223529	873
61.284938277435	822
61.30026431958	818
61.315590361725	917
61.33091640387	848
61.346242446015	908
61.36156848816	915
61.376894530305	938
61.39222057245	897
61.407546614595	863
61.42287265674	828
61.438198698885	852
61.45352474103	842
61.468850783175	799
61.48417682532	828
61.499502867465	834
61.51482890961	770
61.530154951755	818
61.5454809939	726
61.560807036045	748
61.57613307819	768
61.591459120335	724
61.60678516248	717
61.622111204625	713
61.63743724677	692
61.652763288915	654
61.66808933106	632
61.683415373205	684
61.69874141535	657
61.714067457495	624
61.72939349964	612
61.744719541785	562
61.76004558393	682
61.775371626075	687
61.79069766822	594
61.806023710365	669
61.82134975251	619
61.836675794655	651
61.8520018368	538
61.867327878945	598
61.88265392109	602
61.897979963235	583
61.91330600538	560
61.928632047525	496
61.94395808967	548
61.959284131815	556
61.97461017396	571
61.989936216105	528
62.00526225825	521
62.020588300395	514
62.03591434254	565
62.051240384685	490
62.06656642683	514
62.081892468975	521
62.09721851112	484
62.112544553265	539
62.12787059541	554
62.143196637555	500
62.1585226797	584
62.173848721845	523
62.18917476399	544
62.204500806135	559
62.21982684828	526
62.235152890425	588
62.25047893257	596
62.265804974715	613
62.28113101686	606
62.296457059005	562
62.31178310115	572
62.327109143295	602
62.34243518544	613
62.357761227585	640
62.37308726973	672
62.388413311875	657
62.40373935402	644
62.419065396165	717
62.43439143831	699
62.449717480455	708
62.4650435226	772
62.480369564745	778
62.49569560689	819
62.511021649035	823
62.52634769118	840
62.541673733325	872
62.55699977547	791
62.572325817615	870
62.58765185976	852
62.602977901905	791
62.61830394405	783
62.633629986195	760
62.64895602834	771
62.664282070485	723
62.67960811263	741
62.694934154775	758
62.71026019692	750
62.725586239065	726
62.74091228121	671
62.756238323355	710
62.7715643655	679
62.786890407645	655
62.80221644979	681
62.817542491935	694
62.83286853408	671
62.848194576225	611
62.86352061837	595
62.878846660515	612
62.89417270266	639
62.909498744805	593
62.92482478695	600
62.940150829095	642
62.95547687124	677
62.970802913385	667
62.98612895553	697
63.001454997675	676
63.01678103982	698
63.032107081965	759
63.04743312411	762
63.062759166255	757
63.0780852084	767
63.093411250545	728
63.10873729269	736
63.124063334835	735
63.13938937698	656
63.154715419125	677
63.17004146127	718
63.185367503415	673
63.20069354556	665
63.216019587705	682
63.23134562985	717
63.246671671995	671
63.26199771414	626
63.277323756285	624
63.29264979843	666
63.307975840575	642
63.32330188272	611
63.338627924865	587
63.35395396701	607
63.369280009155	550
63.3846060513	560
63.399932093445	539
63.41525813559	522
63.430584177735	524
63.44591021988	535
63.461236262025	566
63.47656230417	543
63.491888346315	510
63.50721438846	547
63.522540430605	523
63.53786647275	584
63.553192514895	534
63.56851855704	496
63.583844599185	484
63.59917064133	533
63.614496683475	481
63.62982272562	506
63.645148767765	520
63.66047480991	503
63.675800852055	455
63.6911268942	533
63.706452936345	460
63.72177897849	471
63.737105020635	506
63.75243106278	483
63.767757104925	448
63.78308314707	463
63.798409189215	497
63.81373523136	492
63.829061273505	481
63.84438731565	509
63.859713357795	595
63.87503939994	558
63.890365442085	527
63.90569148423	629
63.921017526375	559
63.93634356852	630
63.951669610665	715
63.96699565281	739
63.982321694955	781
63.9976477371	702
64.012973779245	728
64.02829982139	758
64.043625863535	676
64.05895190568	729
64.074277947825	633
64.08960398997	713
64.104930032115	768
64.12025607426	890
64.135582116405	843
64.15090815855	920
64.166234200695	866
64.18156024284	951
64.196886284985	977
64.21221232713	926
64.227538369275	872
64.24286441142	864
64.258190453565	795
64.27351649571	775
64.288842537855	767
64.30416858	733
64.319494622145	737
64.33482066429	706
64.350146706435	772
64.36547274858	764
64.380798790725	719
64.39612483287	818
64.411450875015	755
64.42677691716	747
64.442102959305	784
64.45742900145	724
64.472755043595	803
64.48808108574	772
64.503407127885	762
64.51873317003	764
64.534059212175	794
64.54938525432	823
64.564711296465	920
64.58003733861	890
64.595363380755	989
64.6106894229	1014
64.626015465045	1156
64.64134150719	1213
64.656667549335	1314
64.67199359148	1253
64.687319633625	1336
64.70264567577	1227
64.717971717915	1166
64.73329776006	1013
64.748623802205	959
64.76394984435	953
64.779275886495	967
64.79460192864	914
64.809927970785	930
64.82525401293	963
64.840580055075	954
64.85590609722	843
64.871232139365	853
64.88655818151	819
64.901884223655	752
64.9172102658	753
64.932536307945	688
64.94786235009	615
64.963188392235	590
64.97851443438	583
64.993840476525	535
65.00916651867	546
65.024492560815	525
65.03981860296	516
65.055144645105	584
65.07047068725	451
65.085796729395	500
65.10112277154	511
65.116448813685	476
65.13177485583	518
65.147100897975	512
65.16242694012	473
65.177752982265	496
65.19307902441	490
65.208405066555	453
65.2237311087	487
65.239057150845	491
65.25438319299	528
65.269709235135	508
65.28503527728	467
65.300361319425	483
65.31568736157	452
65.331013403715	470
65.34633944586	488
65.361665488005	432
65.37699153015	445
65.392317572295	500
65.40764361444	564
65.422969656585	545
65.43829569873	537
65.453621740875	570
65.46894778302	524
65.484273825165	588
65.49959986731	650
65.514925909455	656
65.5302519516	717
65.545577993745	736
65.56090403589	746
65.576230078035	789
65.59155612018	806
65.606882162325	764
65.62220820447	755
65.637534246615	720
65.65286028876	677
65.668186330905	690
65.68351237305	646
65.698838415195	671
65.71416445734	706
65.729490499485	695
65.74481654163	638
65.760142583775	652
65.77546862592	603
65.790794668065	556
65.80612071021	591
65.821446752355	616
65.8367727945	521
65.852098836645	544
65.86742487879	530
65.882750920935	518
65.89807696308	444
65.913403005225	461
65.92872904737	472
65.944055089515	424
65.95938113166	417
65.974707173805	423
65.99003321595	463
66.005359258095	421
66.02068530024	384
66.036011342385	397
66.05133738453	380
66.066663426675	433
66.08198946882	394
66.097315510965	425
66.11264155311	432
66.127967595255	404
66.1432936374	440
66.158619679545	400
66.17394572169	451
66.189271763835	394
66.20459780598	394
66.219923848125	428
66.23524989027	386
66.250575932415	403
66.26590197456	468
66.281228016705	386
66.29655405885	414
66.311880100995	449
66.32720614314	410
66.342532185285	421
66.35785822743	404
66.373184269575	392
66.38851031172	414
66.403836353865	374
66.41916239601	410
66.434488438155	397
66.4498144803	416
66.465140522445	382
66.48046656459	411
66.495792606735	406
66.51111864888	380
66.526444691025	346
66.54177073317	359
66.557096775315	409
66.57242281746	376
66.587748859605	383
66.60307490175	402
66.618400943895	379
66.63372698604	369
66.649053028185	369
66.66437907033	401
66.679705112475	392
66.69503115462	354
66.710357196765	392
66.72568323891	347
66.741009281055	347
66.7563353232	407
66.771661365345	363
66.78698740749	363
66.802313449635	392
66.81763949178	422
66.832965533925	360
66.84829157607	363
66.863617618215	386
66.87894366036	373
66.894269702505	384
66.90959574465	401
66.924921786795	386
66.94024782894	372
66.955573871085	350
66.97089991323	389
66.986225955375	404
67.00155199752	420
67.016878039665	408
67.03220408181	414
67.047530123955	400
67.0628561661	370
67.078182208245	440
67.09350825039	391
67.108834292535	405
67.12416033468	403
67.139486376825	437
67.15481241897	433
67.170138461115	424
67.18546450326	423
67.200790545405	430
67.21611658755	445
67.231442629695	419
67.24676867184	414
67.262094713985	443
67.27742075613	409
67.292746798275	463
67.30807284042	419
67.323398882565	434
67.33872492471	454
67.354050966855	444
67.369377009	407
67.384703051145	464
67.40002909329	429
67.415355135435	435
67.43068117758	451
67.446007219725	419
67.46133326187	463
67.476659304015	459
67.49198534616	473
67.507311388305	470
67.52263743045	509
67.537963472595	462
67.55328951474	474
67.568615556885	474
67.58394159903	541
67.599267641175	547
67.61459368332	573
67.629919725465	613
67.64524576761	664
67.660571809755	752
67.6758978519	799
67.691223894045	824
67.70654993619	769
67.721875978335	748
67.73720202048	674
67.752528062625	610
67.76785410477	601
67.783180146915	616
67.79850618906	573
67.813832231205	606
67.82915827335	634
67.844484315495	621
67.85981035764	702
67.875136399785	671
67.89046244193	679
67.905788484075	676
67.92111452622	650
67.936440568365	657
67.95176661051	625
67.967092652655	576
67.9824186948	625
67.997744736945	639
68.01307077909	629
68.028396821235	676
68.04372286338	782
68.059048905525	778
68.07437494767	925
68.089700989815	996
68.10502703196	1022
68.120353074105	971
68.13567911625	838
68.151005158395	729
68.16633120054	733
68.181657242685	685
68.19698328483	683
68.212309326975	733
68.22763536912	726
68.242961411265	828
68.25828745341	863
68.273613495555	921
68.2889395377	836
68.304265579845	790
68.31959162199	741
68.334917664135	669
68.35024370628	584
68.365569748425	590
68.38089579057	513
68.396221832715	523
68.41154787486	491
68.426873917005	549
68.44219995915	477
68.457526001295	504
68.47285204344	527
68.488178085585	516
68.50350412773	479
68.518830169875	423
68.53415621202	434
68.549482254165	412
68.56480829631	431
68.580134338455	392
68.5954603806	411
68.610786422745	415
68.62611246489	367
68.641438507035	386
68.65676454918	391
68.672090591325	381
68.68741663347	407
68.702742675615	371
68.71806871776	386
68.733394759905	389
68.74872080205	394
68.764046844195	364
68.77937288634	369
68.794698928485	367
68.81002497063	380
68.825351012775	397
68.84067705492	376
68.856003097065	350
68.87132913921	342
68.886655181355	356
68.9019812235	377
68.917307265645	375
68.93263330779	396
68.947959349935	420
68.96328539208	416
68.978611434225	403
68.99393747637	380
69.009263518515	379
69.02458956066	460
69.039915602805	439
69.05524164495	399
69.070567687095	465
69.08589372924	470
69.101219771385	403
69.11654581353	478
69.131871855675	478
69.14719789782	485
69.162523939965	528
69.17784998211	510
69.193176024255	542
69.2085020664	502
69.223828108545	483
69.23915415069	477
69.254480192835	479
69.26980623498	490
69.285132277125	473
69.30045831927	464
69.315784361415	434
69.33111040356	441
69.346436445705	480
69.36176248785	448
69.377088529995	459
69.39241457214	411
69.407740614285	425
69.42306665643	404
69.438392698575	406
69.45371874072	440
69.469044782865	376
69.48437082501	406
69.499696867155	437
69.5150229093	373
69.530348951445	365
69.54567499359	404
69.561001035735	369
69.57632707788	354
69.591653120025	349
69.60697916217	387
69.622305204315	383
69.63763124646	414
69.652957288605	373
69.66828333075	391
69.683609372895	350
69.69893541504	375
69.714261457185	375
69.72958749933	345
69.744913541475	386
69.76023958362	407
69.775565625765	381
69.79089166791	367
69.806217710055	411
69.8215437522	385
69.836869794345	373
69.85219583649	399
69.867521878635	377
69.88284792078	403
69.898173962925	379
69.91350000507	392
69.928826047215	398
69.94415208936	373
69.959478131505	381
69.97480417365	427
69.990130215795	391
70.00545625794	445
70.020782300085	428
70.03610834223	465
70.051434384375	438
70.06676042652	481
70.082086468665	439
70.09741251081	492
70.112738552955	495
70.1280645951	479
70.143390637245	530
70.15871667939	492
70.174042721535	525
70.18936876368	538
70.204694805825	567
70.22002084797	571
70.235346890115	543
70.25067293226	536
70.265998974405	565
70.28132501655	557
70.296651058695	586
70.31197710084	542
70.327303142985	521
70.34262918513	550
70.357955227275	550
70.37328126942	520
70.388607311565	501
70.40393335371	482
70.419259395855	495
70.434585438	455
70.449911480145	457
70.46523752229	461
70.480563564435	468
70.49588960658	436
70.511215648725	434
70.52654169087	455
70.541867733015	379
70.55719377516	409
70.572519817305	400
70.58784585945	428
70.603171901595	394
70.61849794374	428
70.633823985885	391
70.64915002803	407
70.664476070175	368
70.67980211232	382
70.695128154465	390
70.71045419661	386
70.725780238755	399
70.7411062809	395
70.756432323045	337
70.77175836519	358
70.787084407335	357
70.80241044948	379
70.817736491625	379
70.83306253377	368
70.848388575915	325
70.86371461806	388
70.879040660205	371
70.89436670235	407
70.909692744495	408
70.92501878664	362
70.940344828785	414
70.95567087093	389
70.970996913075	387
70.98632295522	371
71.001648997365	387
71.01697503951	403
71.032301081655	369
71.0476271238	413
71.062953165945	391
71.07827920809	409
71.093605250235	352
71.10893129238	412
71.124257334525	397
71.13958337667	370
71.154909418815	368
71.17023546096	391
71.185561503105	422
71.20088754525	372
71.216213587395	404
71.23153962954	376
71.246865671685	415
71.26219171383	402
71.277517755975	396
71.29284379812	422
71.308169840265	407
71.32349588241	402
71.338821924555	417
71.3541479667	429
71.369474008845	436
71.38480005099	422
71.400126093135	437
71.41545213528	474
71.430778177425	456
71.44610421957	438
71.461430261715	406
71.47675630386	488
71.492082346005	452
71.50740838815	454
71.522734430295	439
71.53806047244	479
71.553386514585	446
71.56871255673	500
71.584038598875	466
71.59936464102	484
71.614690683165	532
71.63001672531	529
71.645342767455	547
71.6606688096	589
71.675994851745	608
71.69132089389	593
71.706646936035	602
71.72197297818	651
71.737299020325	607
71.75262506247	659
71.767951104615	658
71.78327714676	592
71.798603188905	586
71.81392923105	570
71.829255273195	587
71.84458131534	536
71.859907357485	547
71.87523339963	561
71.890559441775	573
71.90588548392	554
71.921211526065	527
71.93653756821	585
71.951863610355	540
71.9671896525	562
71.982515694645	521
71.99784173679	525
72.013167778935	488
72.02849382108	472
72.043819863225	479
72.05914590537	477
72.074471947515	472
72.08979798966	465
72.105124031805	456
72.12045007395	423
72.135776116095	411
72.15110215824	419
72.166428200385	427
72.18175424253	408
72.197080284675	418
72.21240632682	423
72.227732368965	407
72.24305841111	419
72.258384453255	417
72.2737104954	413
72.289036537545	409
72.30436257969	391
72.319688621835	378
72.33501466398	375
72.350340706125	426
72.36566674827	400
72.380992790415	373
72.39631883256	357
72.411644874705	382
72.42697091685	438
72.442296958995	406
72.45762300114	390
72.472949043285	392
72.48827508543	376
72.503601127575	399
72.51892716972	423
72.534253211865	422
72.54957925401	441
72.564905296155	432
72.5802313383	447
72.595557380445	431
72.61088342259	385
72.626209464735	444
72.64153550688	414
72.656861549025	460
72.67218759117	471
72.687513633315	458
72.70283967546	472
72.718165717605	469
72.73349175975	527
72.748817801895	525
72.76414384404	556
72.779469886185	556
72.79479592833	575
72.810121970475	618
72.82544801262	616
72.840774054765	646
72.85610009691	678
72.871426139055	700
72.8867521812	732
72.902078223345	771
72.91740426549	778
72.932730307635	736
72.94805634978	638
72.963382391925	638
72.97870843407	619
72.994034476215	582
73.00936051836	639
73.024686560505	633
73.04001260265	562
73.055338644795	592
73.07066468694	607
73.085990729085	558
73.10131677123	594
