2theta	Intensity
3	7713
3.015326042145	7406
3.03065208429	7226
3.045978126435	7000
3.06130416858	6732
3.076630210725	6633
3.09195625287	6242
3.107282295015	6296
3.12260833716	6055
3.137934379305	5996
3.15326042145	5761
3.168586463595	5650
3.18391250574	5651
3.199238547885	5472
3.21456459003	5642
3.229890632175	5319
3.24521667432	5341
3.260542716465	5310
3.27586875861	5313
3.291194800755	5196
3.3065208429	5244
3.321846885045	5156
3.33717292719	5105
3.352498969335	5010
3.36782501148	4994
3.383151053625	4990
3.39847709577	4894
3.413803137915	4833
3.42912918006	4668
3.444455222205	4802
3.45978126435	4623
3.475107306495	4662
3.49043334864	4516
3.505759390785	4544
3.52108543293	4364
3.536411475075	4496
3.55173751722	4360
3.567063559365	4356
3.58238960151	4355
3.597715643655	4291
3.6130416858	4263
3.628367727945	4273
3.64369377009	4349
3.659019812235	4052
3.67434585438	4069
3.689671896525	4100
3.70499793867	4122
3.720323980815	4041
3.73565002296	3981
3.750976065105	3923
3.76630210725	4011
3.781628149395	3805
3.79695419154	3881
3.812280233685	3934
3.82760627583	3676
3.842932317975	3794
3.85825836012	3695
3.873584402265	3615
3.88891044441	3789
3.904236486555	3588
3.9195625287	3566
3.934888570845	3460
3.95021461299	3580
3.965540655135	3459
3.98086669728	3409
3.996192739425	3422
4.01151878157	3481
4.026844823715	3400
4.04217086586	3348
4.057496908005	3449
4.07282295015	3367
4.088148992295	3197
4.10347503444	3217
4.118801076585	3180
4.13412711873	3246
4.149453160875	3110
4.16477920302	3158
4.180105245165	3102
4.19543128731	3101
4.210757329455	3078
4.2260833716	3100
4.241409413745	2903
4.25673545589	3009
4.272061498035	3028
4.28738754018	2895
4.302713582325	2981
4.31803962447	3041
4.333365666615	2829
4.34869170876	2825
4.364017750905	2779
4.37934379305	2797
4.394669835195	2826
4.40999587734	2680
4.425321919485	2871
4.44064796163	2739
4.455974003775	2707
4.47130004592	2716
4.486626088065	2664
4.50195213021	2646
4.517278172355	2671
4.5326042145	2577
4.547930256645	2592
4.56325629879	2629
4.578582340935	2490
4.59390838308	2540
4.609234425225	2543
4.62456046737	2459
4.639886509515	2477
4.65521255166	2516
4.670538593805	2484
4.68586463595	2459
4.701190678095	2342
4.71651672024	2416
4.731842762385	2414
4.74716880453	2397
4.762494846675	2354
4.77782088882	2318
4.793146930965	2411
4.80847297311	2257
4.823799015255	2321
4.8391250574	2237
4.854451099545	2264
4.86977714169	2334
4.885103183835	2265
4.90042922598	2282
4.915755268125	2196
4.93108131027	2285
4.946407352415	2224
4.96173339456	2258
4.977059436705	2133
4.99238547885	2163
5.007711520995	2151
5.02303756314	2130
5.038363605285	1995
5.05368964743	2208
5.069015689575	2164
5.08434173172	2057
5.099667773865	1938
5.11499381601	1992
5.130319858155	2100
5.1456459003	1994
5.160971942445	2011
5.17629798459	2131
5.191624026735	2050
5.20695006888	1964
5.222276111025	1988
5.23760215317	1935
5.252928195315	2007
5.26825423746	2043
5.283580279605	1951
5.29890632175	2045
5.314232363895	1901
5.32955840604	1975
5.344884448185	1905
5.36021049033	1961
5.375536532475	2024
5.39086257462	1947
5.406188616765	1886
5.42151465891	1940
5.436840701055	1847
5.4521667432	1883
5.467492785345	1902
5.48281882749	1874
5.498144869635	1926
5.51347091178	1878
5.528796953925	1893
5.54412299607	1849
5.559449038215	1886
5.57477508036	1820
5.590101122505	1916
5.60542716465	1927
5.620753206795	1873
5.63607924894	1856
5.651405291085	1826
5.66673133323	1935
5.682057375375	1849
5.69738341752	1788
5.712709459665	1750
5.72803550181	1835
5.743361543955	1832
5.7586875861	1749
5.774013628245	1761
5.78933967039	1799
5.804665712535	1810
5.81999175468	1748
5.835317796825	1832
5.85064383897	1906
5.865969881115	1807
5.88129592326	1872
5.896621965405	1823
5.91194800755	1818
5.927274049695	1824
5.94260009184	1886
5.957926133985	1862
5.97325217613	1839
5.988578218275	1855
6.00390426042	1902
6.019230302565	1873
6.03455634471	1962
6.049882386855	1810
6.065208429	1977
6.080534471145	1955
6.09586051329	1907
6.111186555435	2046
6.12651259758	1968
6.141838639725	2077
6.15716468187	2066
6.172490724015	2010
6.18781676616	2060
6.203142808305	2064
6.21846885045	2109
6.233794892595	2058
6.24912093474	1980
6.264446976885	1934
6.27977301903	1866
6.295099061175	1882
6.31042510332	1844
6.325751145465	1872
6.34107718761	1820
6.356403229755	1823
6.3717292719	1803
6.387055314045	1782
6.40238135619	1735
6.417707398335	1774
6.43303344048	1805
6.448359482625	1697
6.46368552477	1741
6.479011566915	1736
6.49433760906	1691
6.509663651205	1709
6.52498969335	1673
6.540315735495	1697
6.55564177764	1686
6.570967819785	1644
6.58629386193	1660
6.601619904075	1779
6.61694594622	1654
6.632271988365	1596
6.64759803051	1610
6.662924072655	1642
6.6782501148	1615
6.693576156945	1584
6.70890219909	1629
6.724228241235	1606
6.73955428338	1621
6.754880325525	1696
6.77020636767	1621
6.785532409815	1607
6.80085845196	1583
6.816184494105	1612
6.83151053625	1576
6.846836578395	1638
6.86216262054	1596
6.877488662685	1635
6.89281470483	1629
6.908140746975	1562
6.92346678912	1635
6.938792831265	1678
6.95411887341	1574
6.969444915555	1625
6.9847709577	1595
7.000096999845	1626
7.01542304199	1678
7.030749084135	1582
7.04607512628	1621
7.061401168425	1581
7.07672721057	1659
7.092053252715	1503
7.10737929486	1613
7.122705337005	1544
7.13803137915	1599
7.153357421295	1587
7.16868346344	1704
7.184009505585	1617
7.19933554773	1644
7.214661589875	1586
7.22998763202	1630
7.245313674165	1599
7.26063971631	1622
7.275965758455	1715
7.2912918006	1644
7.306617842745	1674
7.32194388489	1609
7.337269927035	1671
7.35259596918	1639
7.367922011325	1664
7.38324805347	1660
7.398574095615	1645
7.41390013776	1633
7.429226179905	1723
7.44455222205	1681
7.459878264195	1731
7.47520430634	1688
7.490530348485	1599
7.50585639063	1717
7.521182432775	1610
7.53650847492	1635
7.551834517065	1728
7.56716055921	1666
7.582486601355	1710
7.5978126435	1789
7.613138685645	1752
7.62846472779	1792
7.643790769935	1756
7.65911681208	1720
7.674442854225	1718
7.68976889637	1729
7.705094938515	1798
7.72042098066	1742
7.735747022805	1779
7.75107306495	1803
7.766399107095	1796
7.78172514924	1820
7.797051191385	1806
7.81237723353	1789
7.827703275675	1864
7.84302931782	1850
7.858355359965	1822
7.87368140211	1870
7.889007444255	1876
7.9043334864	1886
7.919659528545	1788
7.93498557069	1811
7.950311612835	1872
7.96563765498	1804
7.980963697125	1839
7.99628973927	2008
8.011615781415	1932
8.02694182356	1873
8.042267865705	1919
8.05759390785	1989
8.072919949995	1984
8.08824599214	1979
8.103572034285	2016
8.11889807643	2104
8.134224118575	2026
8.14955016072	2051
8.164876202865	2032
8.18020224501	1985
8.195528287155	2185
8.2108543293	2122
8.226180371445	2156
8.24150641359	2142
8.256832455735	2280
8.27215849788	2280
8.287484540025	2336
8.30281058217	2289
8.318136624315	2325
8.33346266646	2378
8.348788708605	2318
8.36411475075	2417
8.379440792895	2310
8.39476683504	2479
8.410092877185	2496
8.42541891933	2607
8.440744961475	2641
8.45607100362	2613
8.471397045765	2720
8.48672308791	2755
8.502049130055	2719
8.5173751722	2844
8.532701214345	2818
8.54802725649	2875
8.563353298635	2994
8.57867934078	3059
8.594005382925	3077
8.60933142507	3271
8.624657467215	3338
8.63998350936	3355
8.655309551505	3396
8.67063559365	3523
8.685961635795	3560
8.70128767794	3742
8.716613720085	3926
8.73193976223	3997
8.747265804375	4042
8.76259184652	4077
8.777917888665	4184
8.79324393081	4433
8.808569972955	4470
8.8238960151	4345
8.839222057245	4367
8.85454809939	4159
8.869874141535	3821
8.88520018368	3459
8.900526225825	3164
8.91585226797	2947
8.931178310115	2765
8.94650435226	2551
8.961830394405	2476
8.97715643655	2379
8.992482478695	2287
9.00780852084	2068
9.023134562985	1998
9.03846060513	2035
9.053786647275	1941
9.06911268942	1887
9.084438731565	1769
9.09976477371	1663
9.115090815855	1667
9.130416858	1610
9.145742900145	1540
9.16106894229	1516
9.176394984435	1455
9.19172102658	1417
9.207047068725	1397
9.22237311087	1324
9.237699153015	1303
9.25302519516	1267
9.268351237305	1257
9.28367727945	1213
9.299003321595	1230
9.31432936374	1186
9.329655405885	1164
9.34498144803	1211
9.360307490175	1157
9.37563353232	1090
9.390959574465	1078
9.40628561661	1064
9.421611658755	1001
9.4369377009	976
9.452263743045	1020
9.46758978519	1104
9.482915827335	1054
9.49824186948	1005
9.513567911625	973
9.52889395377	979
9.544219995915	942
9.55954603806	931
9.574872080205	954
9.59019812235	888
9.605524164495	946
9.62085020664	897
9.636176248785	891
9.65150229093	845
9.666828333075	856
9.68215437522	861
9.697480417365	899
9.71280645951	939
9.728132501655	884
9.7434585438	921
9.758784585945	888
9.77411062809	836
9.789436670235	840
9.80476271238	898
9.820088754525	860
9.83541479667	815
9.850740838815	829
9.86606688096	820
9.881392923105	840
9.89671896525	789
9.912045007395	759
9.92737104954	789
9.942697091685	835
9.95802313383	778
9.973349175975	783
9.98867521812	736
10.004001260265	782
10.01932730241	739
10.034653344555	774
10.0499793867	772
10.065305428845	782
10.08063147099	765
10.095957513135	801
10.11128355528	743
10.126609597425	695
10.14193563957	786
10.157261681715	803
10.17258772386	822
10.187913766005	794
10.20323980815	746
10.218565850295	764
10.23389189244	753
10.249217934585	810
10.26454397673	795
10.279870018875	744
10.29519606102	767
10.310522103165	770
10.32584814531	805
10.341174187455	823
10.3565002296	842
10.371826271745	825
10.38715231389	862
10.402478356035	979
10.41780439818	1018
10.433130440325	1049
10.44845648247	1084
10.463782524615	1042
10.47910856676	1025
10.494434608905	978
10.50976065105	894
10.525086693195	843
10.54041273534	851
10.555738777485	746
10.57106481963	725
10.586390861775	756
10.60171690392	757
10.617042946065	712
10.63236898821	815
10.647695030355	751
10.6630210725	747
10.678347114645	745
10.69367315679	731
10.708999198935	759
10.72432524108	758
10.739651283225	749
10.75497732537	788
10.770303367515	734
10.78562940966	712
10.800955451805	743
10.81628149395	677
10.831607536095	699
10.84693357824	769
10.862259620385	723
10.87758566253	783
10.892911704675	761
10.90823774682	793
10.923563788965	753
10.93888983111	739
10.954215873255	740
10.9695419154	739
10.984867957545	786
11.00019399969	705
11.015520041835	717
11.03084608398	773
11.046172126125	774
11.06149816827	760
11.076824210415	764
11.09215025256	783
11.107476294705	772
11.12280233685	760
11.138128378995	736
11.15345442114	729
11.168780463285	796
11.18410650543	734
11.199432547575	744
11.21475858972	787
11.230084631865	735
11.24541067401	725
11.260736716155	793
11.2760627583	750
11.291388800445	778
11.30671484259	779
11.322040884735	770
11.33736692688	774
11.352692969025	753
11.36801901117	816
11.383345053315	771
11.39867109546	794
11.413997137605	748
11.42932317975	869
11.444649221895	798
11.45997526404	808
11.475301306185	814
11.49062734833	810
11.505953390475	848
11.52127943262	787
11.536605474765	811
11.55193151691	818
11.567257559055	766
11.5825836012	849
11.597909643345	811
11.61323568549	859
11.628561727635	878
11.64388776978	837
11.659213811925	870
11.67453985407	843
11.689865896215	919
11.70519193836	893
11.720517980505	907
11.73584402265	891
11.751170064795	889
11.76649610694	926
11.781822149085	942
11.79714819123	959
11.812474233375	963
11.82780027552	1047
11.843126317665	974
11.85845235981	980
11.873778401955	1083
11.8891044441	1117
11.904430486245	1071
11.91975652839	1146
11.935082570535	1120
11.95040861268	1124
11.965734654825	1168
11.98106069697	1226
11.996386739115	1231
12.01171278126	1396
12.027038823405	1318
12.04236486555	1430
12.057690907695	1364
12.07301694984	1533
12.088342991985	1548
12.10366903413	1668
12.118995076275	1714
12.13432111842	1818
12.149647160565	1901
12.16497320271	1955
12.180299244855	2140
12.195625287	2246
12.210951329145	2431
12.22627737129	2639
12.241603413435	2858
12.25692945558	3124
12.272255497725	3597
12.28758153987	3729
12.302907582015	3991
12.31823362416	4276
12.333559666305	4548
12.34888570845	4467
12.364211750595	4216
12.37953779274	3955
12.394863834885	3596
12.41018987703	3380
12.425515919175	3133
12.44084196132	2862
12.456168003465	2741
12.47149404561	2691
12.486820087755	2437
12.5021461299	2378
12.517472172045	2092
12.53279821419	1900
12.548124256335	1851
12.56345029848	1716
12.578776340625	1542
12.59410238277	1421
12.609428424915	1279
12.62475446706	1300
12.640080509205	1256
12.65540655135	1241
12.670732593495	1162
12.68605863564	1005
12.701384677785	976
12.71671071993	978
12.732036762075	904
12.74736280422	1011
12.762688846365	928
12.77801488851	891
12.793340930655	881
12.8086669728	881
12.823993014945	879
12.83931905709	830
12.854645099235	781
12.86997114138	774
12.885297183525	752
12.90062322567	745
12.915949267815	707
12.93127530996	735
12.946601352105	686
12.96192739425	661
12.977253436395	720
12.99257947854	699
13.007905520685	654
13.02323156283	688
13.038557604975	686
13.05388364712	660
13.069209689265	724
13.08453573141	709
13.099861773555	690
13.1151878157	676
13.130513857845	660
13.14583989999	697
13.161165942135	685
13.17649198428	651
13.191818026425	691
13.20714406857	656
13.222470110715	662
13.23779615286	637
13.253122195005	648
13.26844823715	690
13.283774279295	658
13.29910032144	600
13.314426363585	624
13.32975240573	629
13.345078447875	590
13.36040449002	612
13.375730532165	608
13.39105657431	640
13.406382616455	577
13.4217086586	570
13.437034700745	610
13.45236074289	622
13.467686785035	533
13.48301282718	586
13.498338869325	562
13.51366491147	613
13.528990953615	656
13.54431699576	629
13.559643037905	681
13.57496908005	677
13.590295122195	695
13.60562116434	701
13.620947206485	744
13.63627324863	694
13.651599290775	703
13.66692533292	627
13.682251375065	584
13.69757741721	618
13.712903459355	591
13.7282295015	610
13.743555543645	599
13.75888158579	614
13.774207627935	666
13.78953367008	631
13.804859712225	673
13.82018575437	684
13.835511796515	677
13.85083783866	710
13.866163880805	729
13.88148992295	625
13.896815965095	644
13.91214200724	599
13.927468049385	611
13.94279409153	533
13.958120133675	578
13.97344617582	562
13.988772217965	553
14.00409826011	549
14.019424302255	518
14.0347503444	537
14.050076386545	475
14.06540242869	490
14.080728470835	482
14.09605451298	507
14.111380555125	469
14.12670659727	567
14.142032639415	462
14.15735868156	506
14.172684723705	478
14.18801076585	469
14.203336807995	501
14.21866285014	554
14.233988892285	465
14.24931493443	510
14.264640976575	479
14.27996701872	503
14.295293060865	512
14.31061910301	499
14.325945145155	499
14.3412711873	512
14.356597229445	492
14.37192327159	478
14.387249313735	480
14.40257535588	506
14.417901398025	485
14.43322744017	496
14.448553482315	470
14.46387952446	501
14.479205566605	471
14.49453160875	520
14.509857650895	544
14.52518369304	478
14.540509735185	478
14.55583577733	488
14.571161819475	476
14.58648786162	498
14.601813903765	488
14.61713994591	451
14.632465988055	528
14.6477920302	543
14.663118072345	455
14.67844411449	516
14.693770156635	446
14.70909619878	495
14.724422240925	472
14.73974828307	514
14.755074325215	461
14.77040036736	477
14.785726409505	471
14.80105245165	478
14.816378493795	482
14.83170453594	502
14.847030578085	501
14.86235662023	486
14.877682662375	525
14.89300870452	576
14.908334746665	532
14.92366078881	538
14.938986830955	564
14.9543128731	549
14.969638915245	606
14.98496495739	594
15.000290999535	584
15.01561704168	614
15.030943083825	608
15.04626912597	579
15.061595168115	585
15.07692121026	570
15.092247252405	561
15.10757329455	525
15.122899336695	582
15.13822537884	567
15.153551420985	522
15.16887746313	531
15.184203505275	520
15.19952954742	540
15.214855589565	492
15.23018163171	470
15.245507673855	476
15.260833716	495
15.276159758145	478
15.29148580029	472
15.306811842435	464
15.32213788458	486
15.337463926725	507
15.35278996887	495
15.368116011015	493
15.38344205316	466
15.398768095305	487
15.41409413745	460
15.429420179595	460
15.44474622174	469
15.460072263885	462
15.47539830603	464
15.490724348175	483
15.50605039032	471
15.521376432465	462
15.53670247461	517
15.552028516755	491
15.5673545589	491
15.582680601045	484
15.59800664319	482
15.613332685335	461
15.62865872748	519
15.643984769625	525
15.65931081177	471
15.674636853915	448
15.68996289606	517
15.705288938205	498
15.72061498035	469
15.735941022495	514
15.75126706464	489
15.766593106785	479
15.78191914893	449
15.797245191075	474
15.81257123322	451
15.827897275365	526
15.84322331751	488
15.858549359655	529
15.8738754018	448
15.889201443945	468
15.90452748609	490
15.919853528235	462
15.93517957038	460
15.950505612525	428
15.96583165467	458
15.981157696815	476
15.99648373896	465
16.011809781105	469
16.02713582325	438
16.042461865395	425
16.05778790754	436
16.073113949685	419
16.08843999183	416
16.103766033975	483
16.11909207612	464
16.134418118265	450
16.14974416041	428
16.165070202555	497
16.1803962447	452
16.195722286845	495
16.21104832899	444
16.226374371135	461
16.24170041328	480
16.257026455425	491
16.27235249757	438
16.287678539715	487
16.30300458186	486
16.318330624005	484
16.33365666615	487
16.348982708295	480
16.36430875044	457
16.379634792585	460
16.39496083473	507
16.410286876875	491
16.42561291902	490
16.440938961165	431
16.45626500331	445
16.471591045455	480
16.4869170876	488
16.502243129745	472
16.51756917189	468
16.532895214035	466
16.54822125618	469
16.563547298325	476
16.57887334047	510
16.594199382615	470
16.60952542476	513
16.624851466905	494
16.64017750905	445
16.655503551195	492
16.67082959334	504
16.686155635485	502
16.70148167763	465
16.716807719775	480
16.73213376192	504
16.747459804065	464
16.76278584621	486
16.778111888355	513
16.7934379305	527
16.808763972645	495
16.82409001479	503
16.839416056935	543
16.85474209908	494
16.870068141225	527
16.88539418337	509
16.900720225515	522
16.91604626766	497
16.931372309805	531
16.94669835195	513
16.962024394095	529
16.97735043624	491
16.992676478385	517
17.00800252053	527
17.023328562675	532
17.03865460482	503
17.053980646965	533
17.06930668911	506
17.084632731255	538
17.0999587734	545
17.115284815545	585
17.13061085769	550
17.145936899835	584
17.16126294198	528
17.176588984125	546
17.19191502627	569
17.207241068415	575
17.22256711056	591
17.237893152705	603
17.25321919485	618
17.268545236995	574
17.28387127914	601
17.299197321285	653
17.31452336343	587
17.329849405575	637
17.34517544772	637
17.360501489865	659
17.37582753201	604
17.391153574155	656
17.4064796163	696
17.421805658445	699
17.43713170059	680
17.452457742735	700
17.46778378488	741
17.483109827025	681
17.49843586917	735
17.513761911315	778
17.52908795346	760
17.544413995605	794
17.55974003775	795
17.575066079895	858
17.59039212204	878
17.605718164185	929
17.62104420633	854
17.636370248475	954
17.65169629062	1041
17.667022332765	1105
17.68234837491	1086
17.697674417055	1218
17.7130004592	1220
17.728326501345	1199
17.74365254349	1274
17.758978585635	1244
17.77430462778	1249
17.789630669925	1151
17.80495671207	1132
17.820282754215	1069
17.83560879636	1123
17.850934838505	1027
17.86626088065	973
17.881586922795	1030
17.89691296494	942
17.912239007085	936
17.92756504923	938
17.942891091375	868
17.95821713352	894
17.973543175665	891
17.98886921781	874
18.004195259955	846
18.0195213021	817
18.034847344245	814
18.05017338639	814
18.065499428535	842
18.08082547068	788
18.096151512825	778
18.11147755497	689
18.126803597115	749
18.14212963926	789
18.157455681405	722
18.17278172355	770
18.188107765695	708
18.20343380784	731
18.218759849985	680
18.23408589213	712
18.249411934275	716
18.26473797642	713
18.280064018565	683
18.29539006071	674
18.310716102855	717
18.326042145	714
18.341368187145	701
18.35669422929	680
18.372020271435	665
18.38734631358	657
18.402672355725	704
18.41799839787	672
18.433324440015	677
18.44865048216	701
18.463976524305	726
18.47930256645	702
18.494628608595	740
18.50995465074	681
18.525280692885	699
18.54060673503	710
18.555932777175	766
18.57125881932	757
18.586584861465	738
18.60191090361	741
18.617236945755	783
18.6325629879	787
18.647889030045	783
18.66321507219	801
18.678541114335	804
18.69386715648	805
18.709193198625	805
18.72451924077	858
18.739845282915	781
18.75517132506	812
18.770497367205	745
18.78582340935	795
18.801149451495	715
18.81647549364	759
18.831801535785	766
18.84712757793	741
18.862453620075	672
18.87777966222	677
18.893105704365	674
18.90843174651	681
18.923757788655	685
18.9390838308	684
18.954409872945	661
18.96973591509	674
18.985061957235	663
19.00038799938	708
19.015714041525	671
19.03104008367	700
19.046366125815	746
19.06169216796	778
19.077018210105	788
19.09234425225	801
19.107670294395	823
19.12299633654	904
19.138322378685	943
19.15364842083	955
19.168974462975	988
19.18430050512	1040
19.199626547265	1030
19.21495258941	1121
19.230278631555	1150
19.2456046737	1146
19.260930715845	1186
19.27625675799	1161
19.291582800135	1102
19.30690884228	1114
19.322234884425	1162
19.33756092657	1121
19.352886968715	1173
19.36821301086	1197
19.383539053005	1220
19.39886509515	1225
19.414191137295	1247
19.42951717944	1324
19.444843221585	1373
19.46016926373	1363
19.475495305875	1396
19.49082134802	1546
19.506147390165	1602
19.52147343231	1689
19.536799474455	1933
19.5521255166	2050
19.567451558745	2191
19.58277760089	2452
19.598103643035	2551
19.61342968518	2850
19.628755727325	3072
19.64408176947	3404
19.659407811615	3526
19.67473385376	3777
19.690059895905	3978
19.70538593805	4089
19.720711980195	4091
19.73603802234	4228
19.751364064485	4365
19.76669010663	4357
19.782016148775	4334
19.79734219092	4549
19.812668233065	4459
19.82799427521	4420
19.843320317355	4334
19.8586463595	4119
19.873972401645	4000
19.88929844379	3722
19.904624485935	3472
19.91995052808	3269
19.935276570225	2987
19.95060261237	2837
19.965928654515	2739
19.98125469666	2629
19.996580738805	2492
20.01190678095	2357
20.027232823095	2311
20.04255886524	2342
20.057884907385	2291
20.07321094953	2286
20.088536991675	2196
20.10386303382	2133
20.119189075965	2202
20.13451511811	2092
20.149841160255	2099
20.1651672024	2087
20.180493244545	2035
20.19581928669	2066
20.211145328835	2029
20.22647137098	2078
20.241797413125	2069
20.25712345527	2098
20.272449497415	2112
20.28777553956	2309
20.303101581705	2340
20.31842762385	2245
20.333753665995	2246
20.34907970814	2217
20.364405750285	2150
20.37973179243	2279
20.395057834575	2107
20.41038387672	2097
20.425709918865	1972
20.44103596101	1990
20.456362003155	1802
20.4716880453	1833
20.487014087445	1787
20.50234012959	1867
20.517666171735	1798
20.53299221388	1784
20.548318256025	1784
20.56364429817	1776
20.578970340315	1747
20.59429638246	1832
20.609622424605	1806
20.62494846675	1802
20.640274508895	1762
20.65560055104	1796
20.670926593185	1810
20.68625263533	1845
20.701578677475	1946
20.71690471962	2077
20.732230761765	2199
20.74755680391	2548
20.762882846055	3044
20.7782088882	3866
20.793534930345	4946
20.80886097249	6379
20.824187014635	6873
20.83951305678	6543
20.854839098925	5793
20.87016514107	5136
20.885491183215	4525
20.90081722536	3870
20.916143267505	3079
20.93146930965	2824
20.946795351795	2716
20.96212139394	2645
20.977447436085	2535
20.99277347823	2448
21.008099520375	2399
21.02342556252	2207
21.038751604665	2037
21.05407764681	1870
21.069403688955	1842
21.0847297311	1725
21.100055773245	1698
21.11538181539	1644
21.130707857535	1644
21.14603389968	1699
21.161359941825	1689
21.17668598397	1726
21.192012026115	1742
21.20733806826	1731
21.222664110405	1717
21.23799015255	1785
21.253316194695	1735
21.26864223684	1741
21.283968278985	1677
21.29929432113	1649
21.314620363275	1682
21.32994640542	1579
21.345272447565	1636
21.36059848971	1582
21.375924531855	1587
21.391250574	1544
21.406576616145	1549
21.42190265829	1482
21.437228700435	1482
21.45255474258	1521
21.467880784725	1516
21.48320682687	1525
21.498532869015	1516
21.51385891116	1485
21.529184953305	1451
21.54451099545	1493
21.559837037595	1477
21.57516307974	1405
21.590489121885	1345
21.60581516403	1380
21.621141206175	1369
21.63646724832	1276
21.651793290465	1279
21.66711933261	1237
21.682445374755	1230
21.6977714169	1226
21.713097459045	1227
21.72842350119	1178
21.743749543335	1107
21.75907558548	1155
21.774401627625	1135
21.78972766977	1128
21.805053711915	1108
21.82037975406	1102
21.835705796205	1140
21.85103183835	1175
21.866357880495	1158
21.88168392264	1176
21.897009964785	1226
21.91233600693	1293
21.927662049075	1465
21.94298809122	1725
21.958314133365	1865
21.97364017551	1964
21.988966217655	2101
22.0042922598	2096
22.019618301945	2040
22.03494434409	1912
22.050270386235	1759
22.06559642838	1576
22.080922470525	1485
22.09624851267	1297
22.111574554815	1191
22.12690059696	1177
22.142226639105	1108
22.15755268125	1126
22.172878723395	1142
22.18820476554	1081
22.203530807685	1123
22.21885684983	1103
22.234182891975	1115
22.24950893412	1191
22.264834976265	1201
22.28016101841	1180
22.295487060555	1184
22.3108131027	1236
22.326139144845	1256
22.34146518699	1276
22.356791229135	1215
22.37211727128	1206
22.387443313425	1218
22.40276935557	1232
22.418095397715	1187
22.43342143986	1304
22.448747482005	1295
22.46407352415	1282
22.479399566295	1211
22.49472560844	1307
22.510051650585	1250
22.52537769273	1180
22.540703734875	1259
22.55602977702	1270
22.571355819165	1207
22.58668186131	1196
22.602007903455	1155
22.6173339456	1122
22.632659987745	1138
22.64798602989	1202
22.663312072035	1194
22.67863811418	1218
22.693964156325	1202
22.70929019847	1199
22.724616240615	1241
22.73994228276	1207
22.755268324905	1323
22.77059436705	1291
22.785920409195	1395
22.80124645134	1423
22.816572493485	1516
22.83189853563	1568
22.847224577775	1624
22.86255061992	1695
22.877876662065	1704
22.89320270421	1613
22.908528746355	1651
22.9238547885	1643
22.939180830645	1581
22.95450687279	1493
22.969832914935	1643
22.98515895708	1635
23.000484999225	1501
23.01581104137	1572
23.031137083515	1645
23.04646312566	1569
23.061789167805	1542
23.07711520995	1525
23.092441252095	1529
23.10776729424	1490
23.123093336385	1492
23.13841937853	1478
23.153745420675	1504
23.16907146282	1459
23.184397504965	1470
23.19972354711	1435
23.215049589255	1470
23.2303756314	1474
23.245701673545	1381
23.26102771569	1378
23.276353757835	1310
23.29167979998	1325
23.307005842125	1431
23.32233188427	1381
23.337657926415	1404
23.35298396856	1374
23.368310010705	1486
23.38363605285	1492
23.398962094995	1550
23.41428813714	1562
23.429614179285	1571
23.44494022143	1746
23.460266263575	1727
23.47559230572	1809
23.490918347865	1855
23.50624439001	1920
23.521570432155	2034
23.5368964743	1969
23.552222516445	2026
23.56754855859	1880
23.582874600735	2031
23.59820064288	1938
23.613526685025	1777
23.62885272717	1863
23.644178769315	1712
23.65950481146	1629
23.674830853605	1590
23.69015689575	1700
23.705482937895	1687
23.72080898004	1682
23.736135022185	1771
23.75146106433	1827
23.766787106475	1811
23.78211314862	1821
23.797439190765	1848
23.81276523291	1842
23.828091275055	1947
23.8434173172	1741
23.858743359345	1810
23.87406940149	1774
23.889395443635	1762
23.90472148578	1730
23.920047527925	1820
23.93537357007	1865
23.950699612215	1819
23.96602565436	1827
23.981351696505	1834
23.99667773865	1822
24.012003780795	1816
24.02732982294	1739
24.042655865085	1717
24.05798190723	1737
24.073307949375	1669
24.08863399152	1706
24.103960033665	1765
24.11928607581	1743
24.134612117955	1810
24.1499381601	1827
24.165264202245	1848
24.18059024439	1871
24.195916286535	1974
24.21124232868	1926
24.226568370825	2093
24.24189441297	2096
24.257220455115	2090
24.27254649726	2075
24.287872539405	2156
24.30319858155	2151
24.318524623695	2203
24.33385066584	1963
24.349176707985	1982
24.36450275013	1867
24.379828792275	1803
24.39515483442	1834
24.410480876565	1783
24.42580691871	1763
24.441132960855	1645
24.456459003	1749
24.471785045145	1731
24.48711108729	1697
24.502437129435	1689
24.51776317158	1731
24.533089213725	1686
24.54841525587	1823
24.563741298015	1759
24.57906734016	1849
24.594393382305	1774
24.60971942445	1879
24.625045466595	1866
24.64037150874	1850
24.655697550885	1898
24.67102359303	2066
24.686349635175	2040
24.70167567732	2190
24.717001719465	2190
24.73232776161	2369
24.747653803755	2394
24.7629798459	2510
24.778305888045	2752
24.79363193019	2945
24.808957972335	3307
24.82428401448	3480
24.839610056625	3641
24.85493609877	3742
24.870262140915	3702
24.88558818306	3631
24.900914225205	3463
24.91624026735	3411
24.931566309495	3291
24.94689235164	2935
24.962218393785	2890
24.97754443593	2805
24.992870478075	2700
25.00819652022	2693
25.023522562365	2573
25.03884860451	2575
25.054174646655	2532
25.0695006888	2561
25.084826730945	2591
25.10015277309	2600
25.115478815235	2533
25.13080485738	2646
25.146130899525	2502
25.16145694167	2627
25.176782983815	2562
25.19210902596	2633
25.207435068105	2686
25.22276111025	2680
25.238087152395	2813
25.25341319454	2863
25.268739236685	2855
25.28406527883	2774
25.299391320975	2618
25.31471736312	2601
25.330043405265	2505
25.34536944741	2546
25.360695489555	2379
25.3760215317	2365
25.391347573845	2340
25.40667361599	2423
25.421999658135	2425
25.43732570028	2465
25.452651742425	2545
25.46797778457	2598
25.483303826715	2556
25.49862986886	2650
25.513955911005	2519
25.52928195315	2386
25.544607995295	2459
25.55993403744	2426
25.575260079585	2413
25.59058612173	2489
25.605912163875	2460
25.62123820602	2409
25.636564248165	2427
25.65189029031	2288
25.667216332455	2231
25.6825423746	2103
25.697868416745	2079
25.71319445889	1921
25.728520501035	1972
25.74384654318	1770
25.759172585325	1728
25.77449862747	1705
25.789824669615	1651
25.80515071176	1668
25.820476753905	1617
25.83580279605	1664
25.851128838195	1532
25.86645488034	1664
25.881780922485	1578
25.89710696463	1637
25.912433006775	1586
25.92775904892	1621
25.943085091065	1603
25.95841113321	1521
25.973737175355	1638
25.9890632175	1678
26.004389259645	1630
26.01971530179	1651
26.035041343935	1706
26.05036738608	1733
26.065693428225	1769
26.08101947037	1777
26.096345512515	1716
26.11167155466	1706
26.126997596805	1804
26.14232363895	1837
26.157649681095	1856
26.17297572324	1916
26.188301765385	1900
26.20362780753	1892
26.218953849675	2092
26.23427989182	2133
26.249605933965	2091
26.26493197611	2264
26.280258018255	2247
26.2955840604	2392
26.310910102545	2500
26.32623614469	2481
26.341562186835	2825
26.35688822898	2894
26.372214271125	3031
26.38754031327	3312
26.402866355415	3413
26.41819239756	3393
26.433518439705	3694
26.44884448185	3745
26.464170523995	4165
26.47949656614	4372
26.494822608285	5039
26.51014865043	5945
26.525474692575	7020
26.54080073472	9473
26.556126776865	13344
26.57145281901	18378
26.586778861155	24543
26.6021049033	28198
26.617430945445	26616
26.63275698759	21935
26.648083029735	19090
26.66340907188	17845
26.678735114025	16494
26.69406115617	12734
26.709387198315	9130
26.72471324046	6903
26.740039282605	5729
26.75536532475	5206
26.770691366895	4801
26.78601740904	4720
26.801343451185	4435
26.81666949333	4302
26.831995535475	4007
26.84732157762	3817
26.862647619765	3581
26.87797366191	3446
26.893299704055	3254
26.9086257462	3157
26.923951788345	2987
26.93927783049	2996
26.954603872635	2858
26.96992991478	3014
26.985255956925	3048
27.00058199907	3026
27.015908041215	3128
27.03123408336	3241
27.046560125505	3099
27.06188616765	3145
27.077212209795	3009
27.09253825194	2914
27.107864294085	2839
27.12319033623	2783
27.138516378375	2621
27.15384242052	2489
27.169168462665	2294
27.18449450481	2371
27.199820546955	2236
27.2151465891	2171
27.230472631245	2121
27.24579867339	2057
27.261124715535	1976
27.27645075768	1984
27.291776799825	2082
27.30710284197	2164
27.322428884115	2158
27.33775492626	2265
27.353080968405	2380
27.36840701055	2519
27.383733052695	2621
27.39905909484	2839
27.414385136985	3092
27.42971117913	3141
27.445037221275	3200
27.46036326342	3201
27.475689305565	3302
27.49101534771	3250
27.506341389855	3161
27.521667432	2795
27.536993474145	2739
27.55231951629	2526
27.567645558435	2416
27.58297160058	2264
27.598297642725	2152
27.61362368487	2078
27.628949727015	2127
27.64427576916	2185
27.659601811305	2271
27.67492785345	2376
27.690253895595	2532
27.70557993774	2646
27.720905979885	2766
27.73623202203	2927
27.751558064175	2941
27.76688410632	2949
27.782210148465	2943
27.79753619061	3030
27.812862232755	2968
27.8281882749	2963
27.843514317045	3123
27.85884035919	3171
27.874166401335	3168
27.88949244348	3303
27.904818485625	3250
27.92014452777	3277
27.935470569915	3275
27.95079661206	3087
27.966122654205	2950
27.98144869635	2807
27.996774738495	2621
28.01210078064	2308
28.027426822785	2122
28.04275286493	2022
28.058078907075	1994
28.07340494922	1878
28.088730991365	1759
28.10405703351	1771
28.119383075655	1629
28.1347091178	1671
28.150035159945	1672
28.16536120209	1722
28.180687244235	1617
28.19601328638	1671
28.211339328525	1643
28.22666537067	1643
28.241991412815	1631
28.25731745496	1684
28.272643497105	1726
28.28796953925	1622
28.303295581395	1662
28.31862162354	1612
28.333947665685	1554
28.34927370783	1519
28.364599749975	1543
28.37992579212	1536
28.395251834265	1423
28.41057787641	1381
28.425903918555	1382
28.4412299607	1480
28.456556002845	1461
28.47188204499	1452
28.487208087135	1452
28.50253412928	1464
28.517860171425	1398
28.53318621357	1389
28.548512255715	1344
28.56383829786	1426
28.579164340005	1332
28.59449038215	1313
28.609816424295	1299
28.62514246644	1394
28.640468508585	1305
28.65579455073	1286
28.671120592875	1266
28.68644663502	1286
28.701772677165	1189
28.71709871931	1268
28.732424761455	1205
28.7477508036	1198
28.763076845745	1287
28.77840288789	1211
28.793728930035	1239
28.80905497218	1311
28.824381014325	1210
28.83970705647	1224
28.855033098615	1248
28.87035914076	1187
28.885685182905	1239
28.90101122505	1228
28.916337267195	1166
28.93166330934	1183
28.946989351485	1181
28.96231539363	1214
28.977641435775	1223
28.99296747792	1235
29.008293520065	1237
29.02361956221	1315
29.038945604355	1284
29.0542716465	1238
29.069597688645	1350
29.08492373079	1337
29.100249772935	1317
29.11557581508	1283
29.130901857225	1332
29.14622789937	1350
29.161553941515	1310
29.17687998366	1292
29.192206025805	1291
29.20753206795	1242
29.222858110095	1224
29.23818415224	1260
29.253510194385	1217
29.26883623653	1236
29.284162278675	1276
29.29948832082	1257
29.314814362965	1353
29.33014040511	1429
29.345466447255	1446
29.3607924894	1613
29.376118531545	1762
29.39144457369	1790
29.406770615835	1838
29.42209665798	1776
29.437422700125	1703
29.45274874227	1710
29.468074784415	1775
29.48340082656	1701
29.498726868705	1598
29.51405291085	1466
29.529378952995	1467
29.54470499514	1455
29.560031037285	1384
29.57535707943	1380
29.590683121575	1452
29.60600916372	1430
29.621335205865	1393
29.63666124801	1466
29.651987290155	1498
29.6673133323	1605
29.682639374445	1619
29.69796541659	1663
29.713291458735	1749
29.72861750088	1731
29.743943543025	1745
29.75926958517	1843
29.774595627315	1909
29.78992166946	1952
29.805247711605	1944
29.82057375375	1995
29.835899795895	2053
29.85122583804	1976
29.866551880185	1914
29.88187792233	1821
29.897203964475	1833
29.91253000662	1703
29.927856048765	1643
29.94318209091	1565
29.958508133055	1619
29.9738341752	1582
29.989160217345	1497
30.00448625949	1479
30.019812301635	1497
30.03513834378	1389
30.050464385925	1411
30.06579042807	1454
30.081116470215	1394
30.09644251236	1378
30.111768554505	1407
30.12709459665	1429
30.142420638795	1397
30.15774668094	1408
30.173072723085	1440
30.18839876523	1400
30.203724807375	1361
30.21905084952	1393
30.234376891665	1349
30.24970293381	1386
30.265028975955	1370
30.2803550181	1440
30.295681060245	1370
30.31100710239	1369
30.326333144535	1382
30.34165918668	1436
30.356985228825	1402
30.37231127097	1402
30.387637313115	1428
30.40296335526	1438
30.418289397405	1526
30.43361543955	1597
30.448941481695	1432
30.46426752384	1443
30.479593565985	1468
30.49491960813	1364
30.510245650275	1371
30.52557169242	1424
30.540897734565	1264
30.55622377671	1297
30.571549818855	1239
30.586875861	1190
30.602201903145	1167
30.61752794529	1274
30.632853987435	1245
30.64818002958	1219
30.663506071725	1290
30.67883211387	1423
30.694158156015	1392
30.70948419816	1533
30.724810240305	1581
30.74013628245	1666
30.755462324595	1609
30.77078836674	1694
30.786114408885	1716
30.80144045103	1662
30.816766493175	1681
30.83209253532	1680
30.847418577465	1657
30.86274461961	1716
30.878070661755	1675
30.8933967039	1691
30.908722746045	1539
30.92404878819	1561
30.939374830335	1465
30.95470087248	1427
30.970026914625	1301
30.98535295677	1345
31.000678998915	1244
31.01600504106	1158
31.031331083205	1213
31.04665712535	1121
31.061983167495	1092
31.07730920964	1147
31.092635251785	1145
31.10796129393	1196
31.123287336075	1194
31.13861337822	1252
31.153939420365	1243
31.16926546251	1314
31.184591504655	1276
31.1999175468	1314
31.215243588945	1351
31.23056963109	1393
31.245895673235	1363
31.26122171538	1275
31.276547757525	1318
31.29187379967	1306
31.307199841815	1245
31.32252588396	1262
31.337851926105	1199
31.35317796825	1223
31.368504010395	1150
31.38383005254	1213
31.399156094685	1238
31.41448213683	1106
31.429808178975	1115
31.44513422112	1054
31.460460263265	1011
31.47578630541	1110
31.491112347555	1017
31.5064383897	1057
31.521764431845	949
31.53709047399	983
31.552416516135	959
31.56774255828	986
31.583068600425	939
31.59839464257	955
31.613720684715	909
31.62904672686	929
31.644372769005	946
31.65969881115	948
31.675024853295	938
31.69035089544	926
31.705676937585	929
31.72100297973	931
31.736329021875	949
31.75165506402	970
31.766981106165	962
31.78230714831	952
31.797633190455	976
31.8129592326	1037
31.828285274745	1005
31.84361131689	1064
31.858937359035	1080
31.87426340118	1048
31.889589443325	1119
31.90491548547	1163
31.920241527615	1167
31.93556756976	1175
31.950893611905	1206
31.96621965405	1259
31.981545696195	1255
31.99687173834	1217
32.012197780485	1219
32.02752382263	1185
32.042849864775	1181
32.05817590692	1145
32.073501949065	1170
32.08882799121	1169
32.104154033355	1101
32.1194800755	1064
32.134806117645	1059
32.15013215979	991
32.165458201935	1072
32.18078424408	1071
32.196110286225	1113
32.21143632837	1035
32.226762370515	979
32.24208841266	983
32.257414454805	1033
32.27274049695	1039
32.288066539095	976
32.30339258124	957
32.318718623385	991
32.33404466553	979
32.349370707675	960
32.36469674982	976
32.380022791965	887
32.39534883411	946
32.410674876255	973
32.4260009184	956
32.441326960545	934
32.45665300269	892
32.471979044835	899
32.48730508698	914
32.502631129125	861
32.51795717127	823
32.533283213415	870
32.54860925556	820
32.563935297705	844
32.57926133985	829
32.594587381995	858
32.60991342414	860
32.625239466285	824
32.64056550843	877
32.655891550575	836
32.67121759272	801
32.686543634865	775
32.70186967701	831
32.717195719155	875
32.7325217613	818
32.747847803445	856
32.76317384559	837
32.778499887735	851
32.79382592988	842
32.809151972025	820
32.82447801417	901
32.839804056315	942
32.85513009846	984
32.870456140605	925
32.88578218275	1005
32.901108224895	1018
32.91643426704	1062
32.931760309185	1102
32.94708635133	1134
32.962412393475	1230
32.97773843562	1169
32.993064477765	1171
33.00839051991	1289
33.023716562055	1228
33.0390426042	1205
33.054368646345	1199
33.06969468849	1217
33.085020730635	1184
33.10034677278	1255
33.115672814925	1218
33.13099885707	1194
33.146324899215	1118
33.16165094136	1167
33.176976983505	1127
33.19230302565	1115
33.207629067795	1083
33.22295510994	1089
33.238281152085	1065
33.25360719423	1105
33.268933236375	1114
33.28425927852	1051
33.299585320665	1013
33.31491136281	1043
33.330237404955	1055
33.3455634471	1011
33.360889489245	1003
33.37621553139	1043
33.391541573535	959
33.40686761568	1023
33.422193657825	1025
33.43751969997	1006
33.452845742115	959
33.46817178426	1007
33.483497826405	972
33.49882386855	1007
33.514149910695	996
33.52947595284	963
33.544801994985	964
33.56012803713	1004
33.575454079275	946
33.59078012142	1012
33.606106163565	1017
33.62143220571	981
33.636758247855	1058
33.65208429	1051
33.667410332145	1056
33.68273637429	995
33.698062416435	976
33.71338845858	982
33.728714500725	1020
33.74404054287	1041
33.759366585015	1090
33.77469262716	1164
33.790018669305	1105
33.80534471145	1111
33.820670753595	1153
33.83599679574	1136
33.851322837885	1187
33.86664888003	1076
33.881974922175	1164
33.89730096432	1209
33.912627006465	1215
33.92795304861	1241
33.943279090755	1278
33.9586051329	1305
33.973931175045	1386
33.98925721719	1375
34.004583259335	1475
34.01990930148	1492
34.035235343625	1550
34.05056138577	1521
34.065887427915	1640
34.08121347006	1701
34.096539512205	1623
34.11186555435	1705
34.127191596495	1703
34.14251763864	1691
34.157843680785	1675
34.17316972293	1699
34.188495765075	1713
34.20382180722	1719
34.219147849365	1744
34.23447389151	1651
34.249799933655	1760
34.2651259758	1798
34.280452017945	1815
34.29577806009	1822
34.311104102235	1919
34.32643014438	1930
34.341756186525	2012
34.35708222867	2036
34.372408270815	2024
34.38773431296	2115
34.403060355105	2221
34.41838639725	2332
34.433712439395	2361
34.44903848154	2297
34.464364523685	2557
34.47969056583	2584
34.495016607975	2728
34.51034265012	2767
34.525668692265	2791
34.54099473441	2727
34.556320776555	2840
34.5716468187	2802
34.586972860845	2826
34.60229890299	2947
34.617624945135	2726
34.63295098728	2859
34.648277029425	2870
34.66360307157	2796
34.678929113715	2773
34.69425515586	2865
34.709581198005	2895
34.72490724015	2965
34.740233282295	3006
34.75555932444	3113
34.770885366585	3100
34.78621140873	3307
34.801537450875	3276
34.81686349302	3318
34.832189535165	3573
34.84751557731	3649
34.862841619455	3734
34.8781676616	3825
34.893493703745	3892
34.90881974589	4034
34.924145788035	3905
34.93947183018	3834
34.954797872325	3710
34.97012391447	3672
34.985449956615	3722
35.00077599876	3565
35.016102040905	3442
35.03142808305	3228
35.046754125195	3179
35.06208016734	2998
35.077406209485	2870
35.09273225163	2741
35.108058293775	2692
35.12338433592	2552
35.138710378065	2493
35.15403642021	2350
35.169362462355	2234
35.1846885045	2179
35.200014546645	2097
35.21534058879	2048
35.230666630935	1871
35.24599267308	1912
35.261318715225	1836
35.27664475737	1800
35.291970799515	1817
35.30729684166	1897
35.322622883805	1770
35.33794892595	1892
35.353274968095	1864
35.36860101024	1820
35.383927052385	1749
35.39925309453	1821
35.414579136675	1782
35.42990517882	1721
35.445231220965	1818
35.46055726311	1714
35.475883305255	1779
35.4912093474	1761
35.506535389545	1920
35.52186143169	1845
35.537187473835	1913
35.55251351598	1923
35.567839558125	1954
35.58316560027	1880
35.598491642415	1867
35.61381768456	1754
35.629143726705	1838
35.64446976885	1769
35.659795810995	1699
35.67512185314	1672
35.690447895285	1615
35.70577393743	1600
35.721099979575	1537
35.73642602172	1574
35.751752063865	1481
35.76707810601	1502
35.782404148155	1475
35.7977301903	1537
35.813056232445	1448
35.82838227459	1537
35.843708316735	1504
35.85903435888	1551
35.874360401025	1593
35.88968644317	1612
35.905012485315	1668
35.92033852746	1621
35.935664569605	1584
35.95099061175	1696
35.966316653895	1679
35.98164269604	1592
35.996968738185	1657
36.01229478033	1583
36.027620822475	1489
36.04294686462	1597
36.058272906765	1434
36.07359894891	1408
36.088924991055	1497
36.1042510332	1440
36.119577075345	1355
36.13490311749	1283
36.150229159635	1350
36.16555520178	1298
36.180881243925	1211
36.19620728607	1225
36.211533328215	1264
36.22685937036	1253
36.242185412505	1338
36.25751145465	1263
36.272837496795	1321
36.28816353894	1301
36.303489581085	1305
36.31881562323	1255
36.334141665375	1300
36.34946770752	1374
36.364793749665	1419
36.38011979181	1555
36.395445833955	1571
36.4107718761	1595
36.426097918245	1726
36.44142396039	1993
36.456750002535	2097
36.47207604468	2628
36.487402086825	2978
36.50272812897	3146
36.518054171115	2904
36.53338021326	2664
36.548706255405	2296
36.56403229755	2408
36.579358339695	2343
36.59468438184	2390
36.610010423985	2487
36.62533646613	2302
36.640662508275	2074
36.65598855042	1968
36.671314592565	1876
36.68664063471	1874
36.701966676855	1849
36.717292719	1839
36.732618761145	1823
36.74794480329	1881
36.763270845435	1848
36.77859688758	1916
36.793922929725	1855
36.80924897187	1888
36.824575014015	1800
36.83990105616	1810
36.855227098305	1808
36.87055314045	1871
36.885879182595	1882
36.90120522474	1763
36.916531266885	1795
36.93185730903	1681
36.947183351175	1772
36.96250939332	1692
36.977835435465	1650
36.99316147761	1712
37.008487519755	1663
37.0238135619	1743
37.039139604045	1616
37.05446564619	1576
37.069791688335	1680
37.08511773048	1595
37.100443772625	1520
37.11576981477	1602
37.131095856915	1498
37.14642189906	1584
37.161747941205	1593
37.17707398335	1487
37.192400025495	1486
37.20772606764	1571
37.223052109785	1562
37.23837815193	1546
37.253704194075	1526
37.26903023622	1614
37.284356278365	1671
37.29968232051	1665
37.315008362655	1709
37.3303344048	1609
37.345660446945	1655
37.36098648909	1615
37.376312531235	1691
37.39163857338	1731
37.406964615525	1752
37.42229065767	1769
37.437616699815	1808
37.45294274196	1787
37.468268784105	1835
37.48359482625	1837
37.498920868395	1828
37.51424691054	1871
37.529572952685	1829
37.54489899483	1896
37.560225036975	1846
37.57555107912	1963
37.590877121265	1952
37.60620316341	1947
37.621529205555	2066
37.6368552477	1989
37.652181289845	2050
37.66750733199	1988
37.682833374135	1996
37.69815941628	2005
37.713485458425	1962
37.72881150057	1921
37.744137542715	1866
37.75946358486	1915
37.774789627005	1765
37.79011566915	1760
37.805441711295	1717
37.82076775344	1683
37.836093795585	1658
37.85141983773	1499
37.866745879875	1523
37.88207192202	1470
37.897397964165	1378
37.91272400631	1354
37.928050048455	1260
37.9433760906	1317
37.958702132745	1236
37.97402817489	1192
37.989354217035	1164
38.00468025918	1135
38.020006301325	1144
38.03533234347	1125
38.050658385615	1177
38.06598442776	1086
38.081310469905	1131
38.09663651205	1177
38.111962554195	1179
38.12728859634	1134
38.142614638485	1121
38.15794068063	1147
38.173266722775	1142
38.18859276492	1187
38.203918807065	1248
38.21924484921	1330
38.234570891355	1233
38.2498969335	1321
38.265222975645	1358
38.28054901779	1405
38.295875059935	1415
38.31120110208	1469
38.326527144225	1499
38.34185318637	1469
38.357179228515	1491
38.37250527066	1498
38.387831312805	1515
38.40315735495	1501
38.418483397095	1603
38.43380943924	1480
38.449135481385	1466
38.46446152353	1441
38.479787565675	1459
38.49511360782	1458
38.510439649965	1432
38.52576569211	1472
38.541091734255	1319
38.5564177764	1298
38.571743818545	1321
38.58706986069	1230
38.602395902835	1222
38.61772194498	1195
38.633047987125	1112
38.64837402927	1086
38.663700071415	1086
38.67902611356	1005
38.694352155705	1018
38.70967819785	960
38.725004239995	972
38.74033028214	928
38.755656324285	893
38.77098236643	964
38.786308408575	923
38.80163445072	944
38.816960492865	959
38.83228653501	951
38.847612577155	926
38.8629386193	906
38.878264661445	907
38.89359070359	912
38.908916745735	912
38.92424278788	876
38.939568830025	898
38.95489487217	975
38.970220914315	947
38.98554695646	916
39.000872998605	919
39.01619904075	972
39.031525082895	941
39.04685112504	951
39.062177167185	984
39.07750320933	1009
39.092829251475	1056
39.10815529362	1022
39.123481335765	1117
39.13880737791	1027
39.154133420055	1079
39.1694594622	1097
39.184785504345	1126
39.20011154649	1134
39.215437588635	1241
39.23076363078	1139
39.246089672925	1256
39.26141571507	1167
39.276741757215	1186
39.29206779936	1156
39.307393841505	1235
39.32271988365	1222
39.338045925795	1239
39.35337196794	1396
39.368698010085	1473
39.38402405223	1775
39.399350094375	2140
39.41467613652	2411
39.430002178665	2510
39.44532822081	2322
39.460654262955	2012
39.4759803051	1688
39.491306347245	1543
39.50663238939	1690
39.521958431535	1774
39.53728447368	1708
39.552610515825	1533
39.56793655797	1334
39.583262600115	1126
39.59858864226	1086
39.613914684405	996
39.62924072655	982
39.644566768695	999
39.65989281084	963
39.675218852985	959
39.69054489513	944
39.705870937275	928
39.72119697942	942
39.736523021565	956
39.75184906371	970
39.767175105855	969
39.782501148	969
39.797827190145	963
39.81315323229	1010
39.828479274435	992
39.84380531658	1002
39.859131358725	1074
39.87445740087	1056
39.889783443015	1135
39.90510948516	1136
39.920435527305	1079
39.93576156945	1200
39.951087611595	1149
39.96641365374	1196
39.981739695885	1097
39.99706573803	1192
40.012391780175	1173
40.02771782232	1163
40.043043864465	1197
40.05836990661	1124
40.073695948755	1219
40.0890219909	1131
40.104348033045	1111
40.11967407519	1119
40.135000117335	1072
40.15032615948	1107
40.165652201625	1177
40.18097824377	1212
40.196304285915	1247
40.21163032806	1405
40.226956370205	1570
40.24228241235	1691
40.257608454495	1671
40.27293449664	1583
40.288260538785	1403
40.30358658093	1216
40.318912623075	1191
40.33423866522	1271
40.349564707365	1270
40.36489074951	1295
40.380216791655	1180
40.3955428338	1048
40.410868875945	1003
40.42619491809	1002
40.441520960235	980
40.45684700238	919
40.472173044525	915
40.48749908667	953
40.502825128815	885
40.51815117096	880
40.533477213105	917
40.54880325525	932
40.564129297395	865
40.57945533954	933
40.594781381685	884
40.61010742383	896
40.625433465975	921
40.64075950812	905
40.656085550265	939
40.67141159241	943
40.686737634555	971
40.7020636767	1016
40.717389718845	1004
40.73271576099	1007
40.748041803135	1001
40.76336784528	1008
40.778693887425	1050
40.79401992957	1097
40.809345971715	1048
40.82467201386	1029
40.839998056005	1099
40.85532409815	1159
40.870650140295	1083
40.88597618244	1077
40.901302224585	1142
40.91662826673	1090
40.931954308875	1139
40.94728035102	1136
40.962606393165	1071
40.97793243531	1078
40.993258477455	1119
41.0085845196	1133
41.023910561745	1101
41.03923660389	1166
41.054562646035	1161
41.06988868818	1174
41.085214730325	1183
41.10054077247	1144
41.115866814615	1161
41.13119285676	1110
41.146518898905	1140
41.16184494105	1180
41.177170983195	1151
41.19249702534	1171
41.207823067485	1177
41.22314910963	1195
41.238475151775	1147
41.25380119392	1207
41.269127236065	1209
41.28445327821	1198
41.299779320355	1175
41.3151053625	1221
41.330431404645	1154
41.34575744679	1169
41.361083488935	1165
41.37640953108	1183
41.391735573225	1160
41.40706161537	1107
41.422387657515	1046
41.43771369966	1096
41.453039741805	1108
41.46836578395	1127
41.483691826095	1104
41.49901786824	1072
41.514343910385	1078
41.52966995253	1109
41.544995994675	1134
41.56032203682	1133
41.575648078965	1114
41.59097412111	1080
41.606300163255	1111
41.6216262054	1111
41.636952247545	1066
41.65227828969	1143
41.667604331835	1160
41.68293037398	1203
41.698256416125	1224
41.71358245827	1183
41.728908500415	1220
41.74423454256	1269
41.759560584705	1242
41.77488662685	1323
41.790212668995	1271
41.80553871114	1208
41.820864753285	1215
41.83619079543	1149
41.851516837575	1151
41.86684287972	1158
41.882168921865	1133
41.89749496401	1170
41.912821006155	1155
41.9281470483	1089
41.943473090445	1122
41.95879913259	1079
41.974125174735	1104
41.98945121688	1048
42.004777259025	1121
42.02010330117	1152
42.035429343315	1074
42.05075538546	1061
42.066081427605	1098
42.08140746975	1059
42.096733511895	1065
42.11205955404	1050
42.127385596185	1147
42.14271163833	1118
42.158037680475	1101
42.17336372262	1086
42.188689764765	1136
42.20401580691	1114
42.219341849055	1194
42.2346678912	1220
42.249993933345	1243
42.26531997549	1256
42.280646017635	1247
42.29597205978	1326
42.311298101925	1365
42.32662414407	1450
42.341950186215	1544
42.35727622836	1705
42.372602270505	1982
42.38792831265	2166
42.403254354795	2392
42.41858039694	2241
42.433906439085	2005
42.44923248123	1790
42.464558523375	1631
42.47988456552	1467
42.495210607665	1535
42.51053664981	1629
42.525862691955	1631
42.5411887341	1443
42.556514776245	1349
42.57184081839	1170
42.587166860535	1079
42.60249290268	1078
42.617818944825	1019
42.63314498697	999
42.648471029115	986
42.66379707126	1027
42.679123113405	970
42.69444915555	916
42.709775197695	957
42.72510123984	902
42.740427281985	910
42.75575332413	931
42.771079366275	891
42.78640540842	896
42.801731450565	948
42.81705749271	857
42.832383534855	847
42.847709577	857
42.863035619145	855
42.87836166129	850
42.893687703435	814
42.90901374558	810
42.924339787725	800
42.93966582987	776
42.954991872015	777
42.97031791416	774
42.985643956305	723
43.00096999845	729
43.016296040595	756
43.03162208274	773
43.046948124885	701
43.06227416703	743
43.077600209175	739
43.09292625132	803
43.108252293465	785
43.12357833561	760
43.138904377755	818
43.1542304199	813
43.169556462045	861
43.18488250419	805
43.200208546335	816
43.21553458848	780
43.230860630625	774
43.24618667277	776
43.261512714915	757
43.27683875706	740
43.292164799205	775
43.30749084135	733
43.322816883495	795
43.33814292564	780
43.353468967785	733
43.36879500993	756
43.384121052075	718
43.39944709422	750
43.414773136365	755
43.43009917851	685
43.445425220655	781
43.4607512628	729
43.476077304945	771
43.49140334709	702
43.506729389235	749
43.52205543138	785
43.537381473525	777
43.55270751567	798
43.568033557815	753
43.58335959996	778
43.598685642105	774
43.61401168425	755
43.629337726395	759
43.64466376854	736
43.659989810685	786
43.67531585283	774
43.690641894975	732
43.70596793712	732
43.721293979265	848
43.73662002141	754
43.751946063555	792
43.7672721057	727
43.782598147845	713
43.79792418999	773
43.813250232135	758
43.82857627428	727
43.843902316425	753
43.85922835857	687
43.874554400715	747
43.88988044286	808
43.905206485005	823
43.92053252715	719
43.935858569295	785
43.95118461144	760
43.966510653585	734
43.98183669573	797
43.997162737875	793
44.01248878002	821
44.027814822165	778
44.04314086431	782
44.058466906455	785
44.0737929486	723
44.089118990745	785
44.10444503289	795
44.119771075035	790
44.13509711718	771
44.150423159325	780
44.16574920147	783
44.181075243615	732
44.19640128576	769
44.211727327905	685
44.22705337005	718
44.242379412195	747
44.25770545434	741
44.273031496485	708
44.28835753863	760
44.303683580775	750
44.31900962292	720
44.334335665065	744
44.34966170721	711
44.364987749355	742
44.3803137915	774
44.395639833645	680
44.41096587579	727
44.426291917935	739
44.44161796008	737
44.456944002225	778
44.47227004437	734
44.487596086515	753
44.50292212866	773
44.518248170805	805
44.53357421295	749
44.548900255095	857
44.56422629724	805
44.579552339385	815
44.59487838153	834
44.610204423675	812
44.62553046582	881
44.640856507965	831
44.65618255011	880
44.671508592255	878
44.6868346344	912
44.702160676545	917
44.71748671869	917
44.732812760835	962
44.74813880298	933
44.763464845125	966
44.77879088727	939
44.794116929415	1019
44.80944297156	1020
44.824769013705	1042
44.84009505585	1061
44.855421097995	1038
44.87074714014	1151
44.886073182285	1114
44.90139922443	1151
44.916725266575	1073
44.93205130872	1156
44.947377350865	1182
44.96270339301	1147
44.978029435155	1129
44.9933554773	1196
45.008681519445	1167
45.02400756159	1170
45.039333603735	1243
45.05465964588	1242
45.069985688025	1243
45.08531173017	1164
45.100637772315	1277
45.11596381446	1279
45.131289856605	1263
45.14661589875	1314
45.161941940895	1313
45.17726798304	1255
45.192594025185	1298
45.20792006733	1312
45.223246109475	1424
45.23857215162	1373
45.253898193765	1447
45.26922423591	1517
45.284550278055	1484
45.2998763202	1484
45.315202362345	1496
45.33052840449	1509
45.345854446635	1492
45.36118048878	1586
45.376506530925	1529
45.39183257307	1584
45.407158615215	1627
45.42248465736	1540
45.437810699505	1545
45.45313674165	1596
45.468462783795	1627
45.48378882594	1516
45.499114868085	1548
45.51444091023	1466
45.529766952375	1489
45.54509299452	1458
45.560419036665	1433
45.57574507881	1481
45.591071120955	1415
45.6063971631	1440
45.621723205245	1437
45.63704924739	1392
45.652375289535	1386
45.66770133168	1440
45.683027373825	1466
45.69835341597	1479
45.713679458115	1714
45.72900550026	1814
45.744331542405	1884
45.75965758455	1890
45.774983626695	1672
45.79030966884	1553
45.805635710985	1473
45.82096175313	1450
45.836287795275	1394
45.85161383742	1479
45.866939879565	1490
45.88226592171	1552
45.897591963855	1409
45.912918006	1279
45.928244048145	1243
45.94357009029	1172
45.958896132435	1111
45.97422217458	1083
45.989548216725	1078
46.00487425887	994
46.020200301015	1042
46.03552634316	1084
46.050852385305	1002
46.06617842745	963
46.081504469595	1028
46.09683051174	1010
46.112156553885	963
46.12748259603	924
46.142808638175	927
46.15813468032	880
46.173460722465	898
46.18878676461	939
46.204112806755	875
46.2194388489	854
46.234764891045	890
46.25009093319	839
46.265416975335	849
46.28074301748	800
46.296069059625	860
46.31139510177	807
46.326721143915	777
46.34204718606	797
46.357373228205	811
46.37269927035	812
46.388025312495	802
46.40335135464	800
46.418677396785	775
46.43400343893	831
46.449329481075	816
46.46465552322	797
46.479981565365	771
46.49530760751	840
46.510633649655	777
46.5259596918	775
46.541285733945	757
46.55661177609	808
46.571937818235	783
46.58726386038	731
46.602589902525	774
46.61791594467	775
46.633241986815	776
46.64856802896	707
46.663894071105	741
46.67922011325	719
46.694546155395	727
46.70987219754	740
46.725198239685	705
46.74052428183	736
46.755850323975	724
46.77117636612	783
46.786502408265	743
46.80182845041	708
46.817154492555	726
46.8324805347	713
46.847806576845	718
46.86313261899	700
46.878458661135	704
46.89378470328	720
46.909110745425	732
46.92443678757	740
46.939762829715	776
46.95508887186	780
46.970414914005	689
46.98574095615	735
47.001066998295	707
47.01639304044	708
47.031719082585	698
47.04704512473	731
47.062371166875	713
47.07769720902	701
47.093023251165	731
47.10834929331	726
47.123675335455	696
47.1390013776	764
47.154327419745	692
47.16965346189	674
47.184979504035	663
47.20030554618	686
47.215631588325	666
47.23095763047	666
47.246283672615	674
47.26160971476	671
47.276935756905	631
47.29226179905	604
47.307587841195	685
47.32291388334	624
47.338239925485	630
47.35356596763	642
47.368892009775	683
47.38421805192	655
47.399544094065	741
47.41487013621	725
47.430196178355	743
47.4455222205	719
47.460848262645	751
47.47617430479	702
47.491500346935	747
47.50682638908	696
47.522152431225	688
47.53747847337	729
47.552804515515	739
47.56813055766	687
47.583456599805	685
47.59878264195	668
47.614108684095	661
47.62943472624	645
47.644760768385	642
47.66008681053	695
47.675412852675	561
47.69073889482	650
47.706064936965	608
47.72139097911	565
47.736717021255	609
47.7520430634	613
47.767369105545	615
47.78269514769	642
47.798021189835	653
47.81334723198	661
47.828673274125	647
47.84399931627	692
47.859325358415	674
47.87465140056	720
47.889977442705	713
47.90530348485	687
47.920629526995	723
47.93595556914	732
47.951281611285	837
47.96660765343	794
47.981933695575	772
47.99725973772	766
48.012585779865	760
48.02791182201	745
48.043237864155	736
48.0585639063	767
48.073889948445	762
48.08921599059	789
48.104542032735	758
48.11986807488	770
48.135194117025	743
48.15052015917	676
48.165846201315	677
48.18117224346	672
48.196498285605	700
48.21182432775	658
48.227150369895	687
48.24247641204	638
48.257802454185	584
48.27312849633	640
48.288454538475	648
48.30378058062	684
48.319106622765	665
48.33443266491	636
48.349758707055	618
48.3650847492	626
48.380410791345	590
48.39573683349	593
48.411062875635	576
48.42638891778	652
48.441714959925	606
48.45704100207	597
48.472367044215	636
48.48769308636	634
48.503019128505	643
48.51834517065	738
48.533671212795	642
48.54899725494	624
48.564323297085	705
48.57964933923	645
48.594975381375	628
48.61030142352	636
48.625627465665	665
48.64095350781	616
48.656279549955	655
48.6716055921	610
48.686931634245	640
48.70225767639	636
48.717583718535	613
48.73290976068	574
48.748235802825	596
48.76356184497	611
48.778887887115	570
48.79421392926	618
48.809539971405	600
48.82486601355	603
48.840192055695	613
48.85551809784	621
48.870844139985	599
48.88617018213	582
48.901496224275	614
48.91682226642	590
48.932148308565	577
48.94747435071	591
48.962800392855	644
48.978126435	635
48.993452477145	608
49.00877851929	629
49.024104561435	634
49.03943060358	604
49.054756645725	634
49.07008268787	684
49.085408730015	641
49.10073477216	681
49.116060814305	711
49.13138685645	717
49.146712898595	704
49.16203894074	666
49.177364982885	813
49.19269102503	725
49.208017067175	732
49.22334310932	670
49.238669151465	714
49.25399519361	694
49.269321235755	684
49.2846472779	739
49.299973320045	730
49.31529936219	754
49.330625404335	742
49.34595144648	725
49.361277488625	709
49.37660353077	656
49.391929572915	742
49.40725561506	706
49.422581657205	733
49.43790769935	754
49.453233741495	690
49.46855978364	706
49.483885825785	730
49.49921186793	712
49.514537910075	754
49.52986395222	725
49.545189994365	702
49.56051603651	703
49.575842078655	665
49.5911681208	698
49.606494162945	669
49.62182020509	638
49.637146247235	654
49.65247228938	669
49.667798331525	684
49.68312437367	627
49.698450415815	693
49.71377645796	678
49.729102500105	617
49.74442854225	658
49.759754584395	674
49.77508062654	705
49.790406668685	730
49.80573271083	698
49.821058752975	741
49.83638479512	726
49.851710837265	748
49.86703687941	746
49.882362921555	807
49.8976889637	787
49.913015005845	809
49.92834104799	832
49.943667090135	794
49.95899313228	800
49.974319174425	850
49.98964521657	943
50.004971258715	1083
50.02029730086	1351
50.035623343005	1558
50.05094938515	1999
50.066275427295	2559
50.08160146944	3004
50.096927511585	3041
50.11225355373	2947
50.127579595875	2364
50.14290563802	1814
50.158231680165	1535
50.17355772231	1418
50.188883764455	1473
50.2042098066	1603
50.219535848745	1908
50.23486189089	1961
50.250187933035	1726
50.26551397518	1375
50.280840017325	1105
50.29616605947	887
50.311492101615	768
50.32681814376	728
50.342144185905	668
50.35747022805	671
50.372796270195	701
50.38812231234	675
50.403448354485	643
50.41877439663	730
50.434100438775	705
50.44942648092	761
50.464752523065	766
50.48007856521	841
50.495404607355	831
50.5107306495	834
50.526056691645	897
50.54138273379	909
50.556708775935	911
50.57203481808	927
50.587360860225	878
50.60268690237	921
50.618012944515	878
50.63333898666	901
50.648665028805	854
50.66399107095	873
50.679317113095	896
50.69464315524	908
50.709969197385	909
50.72529523953	835
50.740621281675	865
50.75594732382	819
50.771273365965	762
50.78659940811	782
50.801925450255	733
50.8172514924	735
50.832577534545	772
50.84790357669	716
50.863229618835	759
50.87855566098	780
50.893881703125	704
50.90920774527	737
50.924533787415	732
50.93985982956	655
50.955185871705	742
50.97051191385	717
50.985837955995	681
51.00116399814	725
51.016490040285	711
51.03181608243	656
51.047142124575	674
51.06246816672	743
51.077794208865	711
51.09312025101	701
51.108446293155	720
51.1237723353	645
51.139098377445	653
51.15442441959	627
51.169750461735	627
51.18507650388	618
51.200402546025	621
51.21572858817	585
51.231054630315	624
51.24638067246	585
51.261706714605	607
51.27703275675	610
51.292358798895	613
51.30768484104	588
51.323010883185	629
51.33833692533	582
51.353662967475	557
51.36898900962	551
51.384315051765	500
51.39964109391	518
51.414967136055	521
51.4302931782	525
51.445619220345	459
51.46094526249	494
51.476271304635	552
51.49159734678	466
51.506923388925	463
51.52224943107	489
51.537575473215	496
51.55290151536	521
51.568227557505	452
51.58355359965	482
51.598879641795	473
51.61420568394	515
51.629531726085	468
51.64485776823	465
51.660183810375	461
51.67550985252	479
51.690835894665	479
51.70616193681	507
51.721487978955	498
51.7368140211	475
51.752140063245	463
51.76746610539	456
51.782792147535	469
51.79811818968	432
51.813444231825	449
51.82877027397	503
51.844096316115	464
51.85942235826	433
51.874748400405	452
51.89007444255	503
51.905400484695	487
51.92072652684	461
51.936052568985	496
51.95137861113	474
51.966704653275	499
51.98203069542	487
51.997356737565	493
52.01268277971	475
52.028008821855	514
52.043334864	488
52.058660906145	498
52.07398694829	502
52.089312990435	499
52.10463903258	509
52.119965074725	556
52.13529111687	542
52.150617159015	544
52.16594320116	522
52.181269243305	558
52.19659528545	584
52.211921327595	573
52.22724736974	563
52.242573411885	565
52.25789945403	558
52.273225496175	608
52.28855153832	542
52.303877580465	574
52.31920362261	597
52.334529664755	538
52.3498557069	629
52.365181749045	643
52.38050779119	580
52.395833833335	622
52.41115987548	581
52.426485917625	645
52.44181195977	611
52.457138001915	569
52.47246404406	566
52.487790086205	584
52.50311612835	661
52.518442170495	621
52.53376821264	601
52.549094254785	664
52.56442029693	636
52.579746339075	631
52.59507238122	599
52.610398423365	638
52.62572446551	635
52.641050507655	639
52.6563765498	675
52.671702591945	616
52.68702863409	650
52.702354676235	614
52.71768071838	687
52.733006760525	678
52.74833280267	638
52.763658844815	635
52.77898488696	642
52.794310929105	654
52.80963697125	714
52.824963013395	668
52.84028905554	667
52.855615097685	637
52.87094113983	666
52.886267181975	677
52.90159322412	700
52.916919266265	667
52.93224530841	631
52.947571350555	640
52.9628973927	632
52.978223434845	650
52.99354947699	634
53.008875519135	627
53.02420156128	618
53.039527603425	680
53.05485364557	652
53.070179687715	680
53.08550572986	665
53.100831772005	666
53.11615781415	670
53.131483856295	699
53.14680989844	778
53.162135940585	704
53.17746198273	694
53.192788024875	713
53.20811406702	704
53.223440109165	715
53.23876615131	694
53.254092193455	753
53.2694182356	760
53.284744277745	701
53.30007031989	799
53.315396362035	789
53.33072240418	760
53.346048446325	758
53.36137448847	798
53.376700530615	781
53.39202657276	750
53.407352614905	803
53.42267865705	777
53.438004699195	778
53.45333074134	812
53.468656783485	807
53.48398282563	850
53.499308867775	836
53.51463490992	802
53.529960952065	848
53.54528699421	853
53.560613036355	891
53.5759390785	885
53.591265120645	921
53.60659116279	940
53.621917204935	894
53.63724324708	906
53.652569289225	913
53.66789533137	868
53.683221373515	952
53.69854741566	895
53.713873457805	928
53.72919949995	972
53.744525542095	953
53.75985158424	990
53.775177626385	1007
53.79050366853	1050
53.805829710675	1037
53.82115575282	1063
53.836481794965	1053
53.85180783711	1045
53.867133879255	1119
53.8824599214	1090
53.897785963545	1113
53.91311200569	1041
53.928438047835	1042
53.94376408998	1077
53.959090132125	1106
53.97441617427	1063
53.989742216415	1096
54.00506825856	1122
54.020394300705	1060
54.03572034285	1042
54.051046384995	1163
54.06637242714	1121
54.081698469285	1064
54.09702451143	1073
54.112350553575	1142
54.12767659572	1062
54.143002637865	1137
54.15832868001	1140
54.173654722155	1175
54.1889807643	1104
54.204306806445	1040
54.21963284859	1128
54.234958890735	1077
54.25028493288	1105
54.265610975025	1232
54.28093701717	1161
54.296263059315	1162
54.31158910146	1176
54.326915143605	1112
54.34224118575	1126
54.357567227895	1182
54.37289327004	1169
54.388219312185	1092
54.40354535433	1133
54.418871396475	1156
54.43419743862	1208
54.449523480765	1173
54.46484952291	1228
54.480175565055	1141
54.4955016072	1139
54.510827649345	1180
54.52615369149	1197
54.541479733635	1199
54.55680577578	1238
54.572131817925	1218
54.58745786007	1182
54.602783902215	1223
54.61810994436	1276
54.633435986505	1225
54.64876202865	1203
54.664088070795	1221
54.67941411294	1256
54.694740155085	1300
54.71006619723	1275
54.725392239375	1330
54.74071828152	1344
54.756044323665	1448
54.77137036581	1542
54.786696407955	1598
54.8020224501	1815
54.817348492245	1959
54.83267453439	1968
54.848000576535	1940
54.86332661868	1767
54.878652660825	1634
54.89397870297	1554
54.909304745115	1534
54.92463078726	1679
54.939956829405	1590
54.95528287155	1743
54.970608913695	1722
54.98593495584	1751
55.001260997985	1734
55.01658704013	1632
55.031913082275	1565
55.04723912442	1561
55.062565166565	1537
55.07789120871	1455
55.093217250855	1446
55.108543293	1466
55.123869335145	1506
55.13919537729	1398
55.154521419435	1500
55.16984746158	1492
55.185173503725	1360
55.20049954587	1496
55.215825588015	1531
55.23115163016	1512
55.246477672305	1557
55.26180371445	1626
55.277129756595	1676
55.29245579874	1703
55.307781840885	1616
55.32310788303	1515
55.338433925175	1430
55.35375996732	1482
55.369086009465	1454
55.38441205161	1449
55.399738093755	1442
55.4150641359	1490
55.430390178045	1499
55.44571622019	1461
55.461042262335	1455
55.47636830448	1380
55.491694346625	1399
55.50702038877	1274
55.522346430915	1350
55.53767247306	1282
55.552998515205	1260
55.56832455735	1241
55.583650599495	1246
55.59897664164	1323
55.614302683785	1292
55.62962872593	1335
55.644954768075	1288
55.66028081022	1306
55.675606852365	1283
55.69093289451	1333
55.706258936655	1353
55.7215849788	1290
55.736911020945	1358
55.75223706309	1336
55.767563105235	1283
55.78288914738	1255
55.798215189525	1320
55.81354123167	1342
55.828867273815	1245
55.84419331596	1226
55.859519358105	1197
55.87484540025	1230
55.890171442395	1246
55.90549748454	1197
55.920823526685	1227
55.93614956883	1098
55.951475610975	1166
55.96680165312	1147
55.982127695265	1165
55.99745373741	1101
56.012779779555	1161
56.0281058217	1109
56.043431863845	1135
56.05875790599	1029
56.074083948135	1070
56.08940999028	1046
56.104736032425	1039
56.12006207457	1066
56.135388116715	1062
56.15071415886	1021
56.166040201005	1040
56.18136624315	1039
56.196692285295	1069
56.21201832744	1051
56.227344369585	1012
56.24267041173	1087
56.257996453875	1055
56.27332249602	1048
56.288648538165	962
56.30397458031	989
56.319300622455	1015
56.3346266646	1027
56.349952706745	1038
56.36527874889	1027
56.380604791035	1015
56.39593083318	996
56.411256875325	1007
56.42658291747	994
56.441908959615	1042
56.45723500176	945
56.472561043905	985
56.48788708605	1017
56.503213128195	1000
56.51853917034	919
56.533865212485	963
56.54919125463	983
56.564517296775	954
56.57984333892	1000
56.595169381065	945
56.61049542321	985
56.625821465355	951
56.6411475075	899
56.656473549645	999
56.67179959179	961
56.687125633935	944
56.70245167608	996
56.717777718225	966
56.73310376037	1023
56.748429802515	935
56.76375584466	952
56.779081886805	1005
56.79440792895	934
56.809733971095	973
56.82506001324	992
56.840386055385	901
56.85571209753	936
56.871038139675	925
56.88636418182	895
56.901690223965	898
56.91701626611	916
56.932342308255	865
56.9476683504	842
56.962994392545	845
56.97832043469	846
56.993646476835	843
57.00897251898	899
57.024298561125	819
57.03962460327	831
57.054950645415	788
57.07027668756	781
57.085602729705	793
57.10092877185	805
57.116254813995	786
57.13158085614	808
57.146906898285	832
57.16223294043	758
57.177558982575	820
57.19288502472	815
57.208211066865	823
57.22353710901	795
57.238863151155	764
57.2541891933	797
57.269515235445	820
57.28484127759	887
57.300167319735	810
57.31549336188	826
57.330819404025	821
57.34614544617	830
57.361471488315	830
57.37679753046	852
57.392123572605	810
57.40744961475	874
57.422775656895	834
57.43810169904	828
57.453427741185	859
57.46875378333	838
57.484079825475	849
57.49940586762	819
57.514731909765	829
57.53005795191	799
57.545383994055	801
57.5607100362	805
57.576036078345	810
57.59136212049	879
57.606688162635	815
57.62201420478	829
57.637340246925	771
57.65266628907	809
57.667992331215	748
57.68331837336	783
57.698644415505	747
57.71397045765	778
57.729296499795	794
57.74462254194	777
57.759948584085	781
57.77527462623	767
57.790600668375	757
57.80592671052	766
57.821252752665	745
57.83657879481	719
57.851904836955	723
57.8672308791	740
57.882556921245	761
57.89788296339	740
57.913209005535	742
57.92853504768	752
57.943861089825	735
57.95918713197	767
57.974513174115	687
57.98983921626	782
58.005165258405	771
58.02049130055	705
58.035817342695	770
58.05114338484	700
58.066469426985	729
58.08179546913	755
58.097121511275	737
58.11244755342	740
58.127773595565	745
58.14309963771	741
58.158425679855	717
58.173751722	692
58.189077764145	720
58.20440380629	710
58.219729848435	726
58.23505589058	714
58.250381932725	739
58.26570797487	652
58.281034017015	723
58.29636005916	684
58.311686101305	712
58.32701214345	704
58.342338185595	697
58.35766422774	716
58.372990269885	679
58.38831631203	694
58.403642354175	720
58.41896839632	710
58.434294438465	706
58.44962048061	683
58.464946522755	656
58.4802725649	703
58.495598607045	709
58.51092464919	674
58.526250691335	719
58.54157673348	738
58.556902775625	777
58.57222881777	734
58.587554859915	773
58.60288090206	706
58.618206944205	745
58.63353298635	768
58.648859028495	770
58.66418507064	782
58.679511112785	744
58.69483715493	757
58.710163197075	793
58.72548923922	742
58.740815281365	765
58.75614132351	766
58.771467365655	724
58.7867934078	752
58.802119449945	705
58.81744549209	751
58.832771534235	767
58.84809757638	782
58.863423618525	731
58.87874966067	725
58.894075702815	757
58.90940174496	735
58.924727787105	748
58.94005382925	727
58.955379871395	726
58.97070591354	704
58.986031955685	729
59.00135799783	773
59.016684039975	723
59.03201008212	735
59.047336124265	720
59.06266216641	719
59.077988208555	761
59.0933142507	740
59.108640292845	801
59.12396633499	807
59.139292377135	810
59.15461841928	740
59.169944461425	809
59.18527050357	765
59.200596545715	834
59.21592258786	832
59.231248630005	805
59.24657467215	775
59.261900714295	808
59.27722675644	823
59.292552798585	824
59.30787884073	780
59.323204882875	796
59.33853092502	865
59.353856967165	827
59.36918300931	869
59.384509051455	815
59.3998350936	831
59.415161135745	830
59.43048717789	845
59.445813220035	859
59.46113926218	829
59.476465304325	880
59.49179134647	963
59.507117388615	923
59.52244343076	888
59.537769472905	962
59.55309551505	927
59.568421557195	975
59.58374759934	966
59.599073641485	991
59.61439968363	1022
59.629725725775	977
59.64505176792	974
59.660377810065	985
59.67570385221	1067
59.691029894355	1070
59.7063559365	1071
59.721681978645	1128
59.73700802079	1156
59.752334062935	1208
59.76766010508	1234
59.782986147225	1302
59.79831218937	1363
59.813638231515	1433
59.82896427366	1600
59.844290315805	1785
59.85961635795	1964
59.874942400095	2446
59.89026844224	2690
59.905594484385	2931
59.92092052653	2934
59.936246568675	2549
59.95157261082	2297
59.966898652965	1950
59.98222469511	1766
59.997550737255	1782
60.0128767794	1812
60.028202821545	1790
60.04352886369	2049
60.058854905835	1997
60.07418094798	2192
60.089506990125	2114
60.10483303227	1841
60.120159074415	1614
60.13548511656	1478
60.150811158705	1358
60.16613720085	1318
60.181463242995	1253
60.19678928514	1282
60.212115327285	1226
60.22744136943	1115
60.242767411575	1208
60.25809345372	1154
60.273419495865	1153
60.28874553801	1105
60.304071580155	1092
60.3193976223	1122
60.334723664445	998
60.35004970659	1067
60.365375748735	1003
60.38070179088	972
60.396027833025	920
60.41135387517	932
60.426679917315	991
60.44200595946	993
60.457332001605	932
60.47265804375	929
60.487984085895	974
60.50331012804	941
60.518636170185	962
60.53396221233	933
60.549288254475	961
60.56461429662	962
60.579940338765	972
60.59526638091	933
60.610592423055	975
60.6259184652	1018
60.641244507345	922
60.65657054949	1030
60.671896591635	977
60.68722263378	993
60.702548675925	934
60.71787471807	1010
60.733200760215	974
60.74852680236	959
60.763852844505	956
60.77917888665	923
60.794504928795	961
60.80983097094	976
60.825157013085	971
60.84048305523	947
60.855809097375	906
60.87113513952	901
60.886461181665	966
60.90178722381	946
60.917113265955	982
60.9324393081	1003
60.947765350245	1009
60.96309139239	1021
60.978417434535	979
60.99374347668	967
61.009069518825	1015
61.02439556097	1011
61.039721603115	997
61.05504764526	986
61.070373687405	1028
61.08569972955	996
61.101025771695	1040
61.11635181384	1025
61.131677855985	1087
61.14700389813	1079
61.162329940275	1106
61.17765598242	1081
61.192982024565	1093
61.20830806671	1116
61.223634108855	1099
61.238960151	1140
61.254286193145	1098
61.26961223529	1144
61.284938277435	1255
61.30026431958	1240
61.315590361725	1288
61.33091640387	1305
61.346242446015	1306
61.36156848816	1367
61.376894530305	1369
61.39222057245	1354
61.407546614595	1427
61.42287265674	1452
61.438198698885	1531
61.45352474103	1547
61.468850783175	1549
61.48417682532	1644
61.499502867465	1541
61.51482890961	1637
61.530154951755	1741
61.5454809939	1658
61.560807036045	1707
61.57613307819	1694
61.591459120335	1818
61.60678516248	1788
61.622111204625	1795
61.63743724677	1768
61.652763288915	1773
61.66808933106	1815
61.683415373205	1760
61.69874141535	1776
61.714067457495	1765
61.72939349964	1720
61.744719541785	1722
61.76004558393	1717
61.775371626075	1641
61.79069766822	1533
61.806023710365	1578
61.82134975251	1522
61.836675794655	1487
61.8520018368	1599
61.867327878945	1484
61.88265392109	1445
61.897979963235	1472
61.91330600538	1368
61.928632047525	1411
61.94395808967	1310
61.959284131815	1269
61.97461017396	1230
61.989936216105	1276
62.00526225825	1304
62.020588300395	1286
62.03591434254	1221
62.051240384685	1180
62.06656642683	1186
62.081892468975	1207
62.09721851112	1285
62.112544553265	1203
62.12787059541	1254
62.143196637555	1216
62.1585226797	1284
62.173848721845	1270
62.18917476399	1309
62.204500806135	1229
62.21982684828	1298
62.235152890425	1275
62.25047893257	1328
62.265804974715	1207
62.28113101686	1219
62.296457059005	1203
62.31178310115	1306
62.327109143295	1253
62.34243518544	1230
62.357761227585	1266
62.37308726973	1233
62.388413311875	1205
62.40373935402	1257
62.419065396165	1181
62.43439143831	1135
62.449717480455	1079
62.4650435226	1166
62.480369564745	1090
62.49569560689	1018
62.511021649035	997
62.52634769118	986
62.541673733325	1016
62.55699977547	1013
62.572325817615	1003
62.58765185976	1013
62.602977901905	916
62.61830394405	940
62.633629986195	930
62.64895602834	913
62.664282070485	932
62.67960811263	877
62.694934154775	882
62.71026019692	850
62.725586239065	836
62.74091228121	811
62.756238323355	820
62.7715643655	801
62.786890407645	783
62.80221644979	799
62.817542491935	756
62.83286853408	783
62.848194576225	795
62.86352061837	750
62.878846660515	784
62.89417270266	709
62.909498744805	739
62.92482478695	723
62.940150829095	738
62.95547687124	675
62.970802913385	709
62.98612895553	691
63.001454997675	630
63.01678103982	721
63.032107081965	676
63.04743312411	741
63.062759166255	721
63.0780852084	752
63.093411250545	672
63.10873729269	692
63.124063334835	687
63.13938937698	706
63.154715419125	712
63.17004146127	715
63.185367503415	678
63.20069354556	723
63.216019587705	707
63.23134562985	704
63.246671671995	698
63.26199771414	701
63.277323756285	706
63.29264979843	687
63.307975840575	681
63.32330188272	667
63.338627924865	726
63.35395396701	738
63.369280009155	689
63.3846060513	672
63.399932093445	684
63.41525813559	652
63.430584177735	652
63.44591021988	663
63.461236262025	667
63.47656230417	672
63.491888346315	667
63.50721438846	633
63.522540430605	677
63.53786647275	677
63.553192514895	688
63.56851855704	670
63.583844599185	678
63.59917064133	659
63.614496683475	729
63.62982272562	703
63.645148767765	696
63.66047480991	732
63.675800852055	717
63.6911268942	734
63.706452936345	742
63.72177897849	771
63.737105020635	829
63.75243106278	780
63.767757104925	787
63.78308314707	849
63.798409189215	845
63.81373523136	826
63.829061273505	848
63.84438731565	829
63.859713357795	845
63.87503939994	877
63.890365442085	902
63.90569148423	956
63.921017526375	985
63.93634356852	1059
63.951669610665	1040
63.96699565281	1077
63.982321694955	1197
63.9976477371	1164
64.012973779245	1122
64.02829982139	979
64.043625863535	947
64.05895190568	930
64.074277947825	871
64.08960398997	884
64.104930032115	891
64.12025607426	858
64.135582116405	922
64.15090815855	888
64.166234200695	908
64.18156024284	892
64.196886284985	821
64.21221232713	772
64.227538369275	752
64.24286441142	696
64.258190453565	732
64.27351649571	677
64.288842537855	665
64.30416858	637
64.319494622145	694
64.33482066429	653
64.350146706435	636
64.36547274858	630
64.380798790725	615
64.39612483287	621
64.411450875015	631
64.42677691716	589
64.442102959305	637
64.45742900145	663
64.472755043595	602
64.48808108574	656
64.503407127885	653
64.51873317003	609
64.534059212175	659
64.54938525432	646
64.564711296465	666
64.58003733861	618
64.595363380755	653
64.6106894229	646
64.626015465045	637
64.64134150719	647
64.656667549335	627
64.67199359148	663
64.687319633625	651
64.70264567577	677
64.717971717915	635
64.73329776006	650
64.748623802205	613
64.76394984435	684
64.779275886495	649
64.79460192864	664
64.809927970785	661
64.82525401293	672
64.840580055075	653
64.85590609722	642
64.871232139365	624
64.88655818151	688
64.901884223655	649
64.9172102658	650
64.932536307945	687
64.94786235009	655
64.963188392235	670
64.97851443438	647
64.993840476525	700
65.00916651867	663
65.024492560815	633
65.03981860296	695
65.055144645105	688
65.07047068725	706
65.085796729395	685
65.10112277154	699
65.116448813685	699
65.13177485583	716
65.147100897975	700
65.16242694012	686
65.177752982265	684
65.19307902441	686
65.208405066555	674
65.2237311087	712
65.239057150845	711
65.25438319299	714
65.269709235135	731
65.28503527728	677
65.300361319425	691
65.31568736157	704
65.331013403715	671
65.34633944586	649
65.361665488005	671
65.37699153015	674
65.392317572295	656
65.40764361444	704
65.422969656585	646
65.43829569873	637
65.453621740875	593
65.46894778302	641
65.484273825165	645
65.49959986731	604
65.514925909455	602
65.5302519516	636
65.545577993745	668
65.56090403589	655
65.576230078035	641
65.59155612018	666
65.606882162325	675
65.62220820447	611
65.637534246615	631
65.65286028876	618
65.668186330905	636
65.68351237305	651
65.698838415195	677
65.71416445734	757
65.729490499485	727
65.74481654163	687
65.760142583775	674
65.77546862592	721
65.790794668065	643
65.80612071021	655
65.821446752355	646
65.8367727945	602
65.852098836645	676
65.86742487879	622
65.882750920935	654
65.89807696308	660
65.913403005225	620
65.92872904737	676
65.944055089515	637
65.95938113166	684
65.974707173805	614
65.99003321595	640
66.005359258095	601
66.02068530024	605
66.036011342385	628
66.05133738453	630
66.066663426675	636
66.08198946882	608
66.097315510965	594
66.11264155311	609
66.127967595255	599
66.1432936374	570
66.158619679545	627
66.17394572169	599
66.189271763835	590
66.20459780598	649
66.219923848125	680
66.23524989027	624
66.250575932415	626
66.26590197456	661
66.281228016705	607
66.29655405885	611
66.311880100995	607
66.32720614314	657
66.342532185285	664
66.35785822743	626
66.373184269575	568
66.38851031172	575
66.403836353865	601
66.41916239601	596
66.434488438155	596
66.4498144803	601
66.465140522445	682
66.48046656459	584
66.495792606735	604
66.51111864888	576
66.526444691025	560
66.54177073317	554
66.557096775315	563
66.57242281746	553
66.587748859605	581
66.60307490175	597
66.618400943895	511
66.63372698604	594
66.649053028185	559
66.66437907033	589
66.679705112475	607
66.69503115462	552
66.710357196765	597
66.72568323891	594
66.741009281055	613
66.7563353232	568
66.771661365345	587
66.78698740749	586
66.802313449635	570
66.81763949178	591
66.832965533925	590
66.84829157607	548
66.863617618215	610
66.87894366036	614
66.894269702505	576
66.90959574465	611
66.924921786795	585
66.94024782894	635
66.955573871085	614
66.97089991323	606
66.986225955375	620
67.00155199752	634
67.016878039665	612
67.03220408181	611
67.047530123955	612
67.0628561661	604
67.078182208245	629
67.09350825039	669
67.108834292535	683
67.12416033468	640
67.139486376825	644
67.15481241897	683
67.170138461115	642
67.18546450326	694
67.200790545405	617
67.21611658755	632
67.231442629695	631
67.24676867184	628
67.262094713985	644
67.27742075613	654
67.292746798275	648
67.30807284042	615
67.323398882565	666
67.33872492471	641
67.354050966855	662
67.369377009	654
67.384703051145	592
67.40002909329	614
67.415355135435	624
67.43068117758	658
67.446007219725	662
67.46133326187	633
67.476659304015	658
67.49198534616	679
67.507311388305	677
67.52263743045	676
67.537963472595	710
67.55328951474	706
67.568615556885	740
67.58394159903	760
67.599267641175	835
67.61459368332	899
67.629919725465	1082
67.64524576761	1188
67.660571809755	1296
67.6758978519	1454
67.691223894045	1586
67.70654993619	1685
67.721875978335	1484
67.73720202048	1257
67.752528062625	1088
67.76785410477	956
67.783180146915	925
67.79850618906	932
67.813832231205	934
67.82915827335	980
67.844484315495	1066
67.85981035764	1051
67.875136399785	1170
67.89046244193	1199
67.905788484075	1148
67.92111452622	1080
67.936440568365	953
67.95176661051	908
67.967092652655	923
67.9824186948	854
67.997744736945	976
68.01307077909	1050
68.028396821235	1155
68.04372286338	1236
68.059048905525	1495
68.07437494767	1778
68.089700989815	1895
68.10502703196	1911
68.120353074105	1765
68.13567911625	1484
68.151005158395	1315
68.16633120054	1191
68.181657242685	1202
68.19698328483	1312
68.212309326975	1376
68.22763536912	1523
68.242961411265	1700
68.25828745341	1839
68.273613495555	1959
68.2889395377	1835
68.304265579845	1755
68.31959162199	1536
68.334917664135	1274
68.35024370628	1120
68.365569748425	1018
68.38089579057	1017
68.396221832715	1022
68.41154787486	1061
68.426873917005	1077
68.44219995915	1152
68.457526001295	1136
68.47285204344	1088
68.488178085585	1022
68.50350412773	918
68.518830169875	899
68.53415621202	810
68.549482254165	833
68.56480829631	812
68.580134338455	807
68.5954603806	785
68.610786422745	842
68.62611246489	810
68.641438507035	774
68.65676454918	733
68.672090591325	757
68.68741663347	767
68.702742675615	743
68.71806871776	773
68.733394759905	790
68.74872080205	699
68.764046844195	753
68.77937288634	767
68.794698928485	728
68.81002497063	780
68.825351012775	724
68.84067705492	758
68.856003097065	748
68.87132913921	747
68.886655181355	757
68.9019812235	768
68.917307265645	737
68.93263330779	735
68.947959349935	792
68.96328539208	720
68.978611434225	703
68.99393747637	785
69.009263518515	773
69.02458956066	763
69.039915602805	761
69.05524164495	770
69.070567687095	721
69.08589372924	763
69.101219771385	786
69.11654581353	822
69.131871855675	802
69.14719789782	821
69.162523939965	781
69.17784998211	785
69.193176024255	782
69.2085020664	804
69.223828108545	800
69.23915415069	817
69.254480192835	759
69.26980623498	827
69.285132277125	787
69.30045831927	846
69.315784361415	840
69.33111040356	848
69.346436445705	847
69.36176248785	842
69.377088529995	904
69.39241457214	952
69.407740614285	811
69.42306665643	897
69.438392698575	886
69.45371874072	840
69.469044782865	803
69.48437082501	845
69.499696867155	858
69.5150229093	839
69.530348951445	852
69.54567499359	847
69.561001035735	860
69.57632707788	881
69.591653120025	814
69.60697916217	869
69.622305204315	782
69.63763124646	829
69.652957288605	786
69.66828333075	808
69.683609372895	795
69.69893541504	801
69.714261457185	818
69.72958749933	824
69.744913541475	762
69.76023958362	824
69.775565625765	821
69.79089166791	757
69.806217710055	791
69.8215437522	829
69.836869794345	806
69.85219583649	850
69.867521878635	822
69.88284792078	805
69.898173962925	843
69.91350000507	805
69.928826047215	812
69.94415208936	784
69.959478131505	821
69.97480417365	814
69.990130215795	817
70.00545625794	830
70.020782300085	819
70.03610834223	840
70.051434384375	876
70.06676042652	834
70.082086468665	854
70.09741251081	849
70.112738552955	921
70.1280645951	871
70.143390637245	872
70.15871667939	905
70.174042721535	906
70.18936876368	862
70.204694805825	880
70.22002084797	873
70.235346890115	921
70.25067293226	899
70.265998974405	827
70.28132501655	884
70.296651058695	855
70.31197710084	848
70.327303142985	814
70.34262918513	820
70.357955227275	815
70.37328126942	826
70.388607311565	800
70.40393335371	826
70.419259395855	800
70.434585438	847
70.449911480145	758
70.46523752229	753
70.480563564435	831
70.49588960658	737
70.511215648725	766
70.52654169087	748
70.541867733015	787
70.55719377516	752
70.572519817305	756
70.58784585945	753
70.603171901595	780
70.61849794374	767
70.633823985885	773
70.64915002803	696
70.664476070175	766
70.67980211232	739
70.695128154465	729
70.71045419661	726
70.725780238755	714
70.7411062809	726
70.756432323045	703
70.77175836519	737
70.787084407335	747
70.80241044948	732
70.817736491625	796
70.83306253377	725
70.848388575915	771
70.86371461806	756
70.879040660205	800
70.89436670235	732
70.909692744495	780
70.92501878664	699
70.940344828785	721
70.95567087093	683
70.970996913075	737
70.98632295522	711
71.001648997365	738
71.01697503951	693
71.032301081655	745
71.0476271238	718
71.062953165945	718
71.07827920809	698
71.093605250235	751
71.10893129238	765
71.124257334525	736
71.13958337667	757
71.154909418815	750
71.17023546096	760
71.185561503105	682
71.20088754525	725
71.216213587395	748
71.23153962954	706
71.246865671685	731
71.26219171383	714
71.277517755975	724
71.29284379812	755
71.308169840265	691
71.32349588241	739
71.338821924555	696
71.3541479667	706
71.369474008845	696
71.38480005099	770
71.400126093135	778
71.41545213528	680
71.430778177425	722
71.44610421957	734
71.461430261715	742
71.47675630386	696
71.492082346005	696
71.50740838815	776
71.522734430295	695
71.53806047244	759
71.553386514585	706
71.56871255673	711
71.584038598875	717
71.59936464102	749
71.614690683165	711
71.63001672531	708
71.645342767455	741
71.6606688096	696
71.675994851745	731
71.69132089389	746
71.706646936035	775
71.72197297818	737
71.737299020325	745
71.75262506247	771
71.767951104615	737
71.78327714676	761
71.798603188905	726
71.81392923105	743
71.829255273195	818
71.84458131534	760
71.859907357485	726
71.87523339963	770
71.890559441775	814
71.90588548392	806
71.921211526065	860
71.93653756821	824
71.951863610355	783
71.9671896525	829
71.982515694645	840
71.99784173679	819
72.013167778935	875
72.02849382108	848
72.043819863225	839
72.05914590537	892
72.074471947515	902
72.08979798966	840
72.105124031805	814
72.12045007395	892
72.135776116095	860
72.15110215824	889
72.166428200385	882
72.18175424253	940
72.197080284675	869
72.21240632682	862
72.227732368965	862
72.24305841111	945
72.258384453255	958
72.2737104954	933
72.289036537545	909
72.30436257969	954
72.319688621835	940
72.33501466398	963
72.350340706125	909
72.36566674827	1005
72.380992790415	1022
72.39631883256	917
72.411644874705	980
72.42697091685	1016
72.442296958995	971
72.45762300114	1007
72.472949043285	990
72.48827508543	910
72.503601127575	1058
72.51892716972	1060
72.534253211865	1021
72.54957925401	1072
72.564905296155	1105
72.5802313383	1039
72.595557380445	1068
72.61088342259	1055
72.626209464735	1105
72.64153550688	1095
72.656861549025	1106
72.67218759117	1073
72.687513633315	1028
72.70283967546	1048
72.718165717605	1057
72.73349175975	1074
72.748817801895	1080
72.76414384404	1084
72.779469886185	1067
72.79479592833	1067
72.810121970475	1038
72.82544801262	1044
72.840774054765	1022
72.85610009691	1077
72.871426139055	1047
72.8867521812	1013
72.902078223345	1084
72.91740426549	978
72.932730307635	1055
72.94805634978	1004
72.963382391925	990
72.97870843407	982
72.994034476215	1003
73.00936051836	997
73.024686560505	977
73.04001260265	988
73.055338644795	960
73.07066468694	944
73.085990729085	1021
73.10131677123	970
