2theta	Intensity
3	7958
3.015326042145	7764
3.03065208429	7460
3.045978126435	7121
3.06130416858	7002
3.076630210725	6601
3.09195625287	6567
3.107282295015	6336
3.12260833716	6221
3.137934379305	6080
3.15326042145	5986
3.168586463595	5884
3.18391250574	5647
3.199238547885	5637
3.21456459003	5581
3.229890632175	5542
3.24521667432	5371
3.260542716465	5440
3.27586875861	5323
3.291194800755	5334
3.3065208429	5208
3.321846885045	5171
3.33717292719	5013
3.352498969335	5140
3.36782501148	4941
3.383151053625	4969
3.39847709577	4822
3.413803137915	4735
3.42912918006	4763
3.444455222205	4612
3.45978126435	4810
3.475107306495	4650
3.49043334864	4483
3.505759390785	4534
3.52108543293	4506
3.536411475075	4404
3.55173751722	4411
3.567063559365	4447
3.58238960151	4271
3.597715643655	4418
3.6130416858	4222
3.628367727945	4310
3.64369377009	4285
3.659019812235	3947
3.67434585438	4124
3.689671896525	3964
3.70499793867	3979
3.720323980815	3982
3.73565002296	3927
3.750976065105	3945
3.76630210725	3884
3.781628149395	3860
3.79695419154	3760
3.812280233685	3764
3.82760627583	3690
3.842932317975	3637
3.85825836012	3754
3.873584402265	3581
3.88891044441	3560
3.904236486555	3533
3.9195625287	3503
3.934888570845	3504
3.95021461299	3476
3.965540655135	3460
3.98086669728	3400
3.996192739425	3412
4.01151878157	3346
4.026844823715	3337
4.04217086586	3237
4.057496908005	3302
4.07282295015	3212
4.088148992295	3183
4.10347503444	3163
4.118801076585	3145
4.13412711873	3110
4.149453160875	3175
4.16477920302	3045
4.180105245165	3086
4.19543128731	2856
4.210757329455	2984
4.2260833716	2947
4.241409413745	2960
4.25673545589	2920
4.272061498035	2934
4.28738754018	2932
4.302713582325	2956
4.31803962447	2780
4.333365666615	2837
4.34869170876	2746
4.364017750905	2748
4.37934379305	2596
4.394669835195	2672
4.40999587734	2685
4.425321919485	2638
4.44064796163	2601
4.455974003775	2524
4.47130004592	2616
4.486626088065	2557
4.50195213021	2570
4.517278172355	2637
4.5326042145	2524
4.547930256645	2481
4.56325629879	2598
4.578582340935	2384
4.59390838308	2380
4.609234425225	2426
4.62456046737	2409
4.639886509515	2323
4.65521255166	2361
4.670538593805	2371
4.68586463595	2338
4.701190678095	2345
4.71651672024	2355
4.731842762385	2263
4.74716880453	2287
4.762494846675	2242
4.77782088882	2235
4.793146930965	2217
4.80847297311	2223
4.823799015255	2174
4.8391250574	2103
4.854451099545	2170
4.86977714169	2147
4.885103183835	2171
4.90042922598	2116
4.915755268125	2142
4.93108131027	2079
4.946407352415	2116
4.96173339456	2016
4.977059436705	2105
4.99238547885	2047
5.007711520995	1979
5.02303756314	2036
5.038363605285	2004
5.05368964743	1949
5.069015689575	2000
5.08434173172	2002
5.099667773865	2042
5.11499381601	1869
5.130319858155	1907
5.1456459003	1969
5.160971942445	1955
5.17629798459	1893
5.191624026735	1895
5.20695006888	1911
5.222276111025	1835
5.23760215317	1854
5.252928195315	1839
5.26825423746	1909
5.283580279605	1888
5.29890632175	1864
5.314232363895	1884
5.32955840604	1883
5.344884448185	1740
5.36021049033	1787
5.375536532475	1787
5.39086257462	1855
5.406188616765	1817
5.42151465891	1841
5.436840701055	1765
5.4521667432	1819
5.467492785345	1832
5.48281882749	1779
5.498144869635	1770
5.51347091178	1672
5.528796953925	1732
5.54412299607	1738
5.559449038215	1777
5.57477508036	1694
5.590101122505	1740
5.60542716465	1708
5.620753206795	1756
5.63607924894	1747
5.651405291085	1705
5.66673133323	1752
5.682057375375	1678
5.69738341752	1735
5.712709459665	1746
5.72803550181	1626
5.743361543955	1719
5.7586875861	1680
5.774013628245	1708
5.78933967039	1706
5.804665712535	1620
5.81999175468	1749
5.835317796825	1669
5.85064383897	1613
5.865969881115	1667
5.88129592326	1704
5.896621965405	1653
5.91194800755	1642
5.927274049695	1691
5.94260009184	1767
5.957926133985	1703
5.97325217613	1781
5.988578218275	1766
6.00390426042	1715
6.019230302565	1790
6.03455634471	1779
6.049882386855	1835
6.065208429	1830
6.080534471145	1839
6.09586051329	1932
6.111186555435	1941
6.12651259758	2115
6.141838639725	2016
6.15716468187	2155
6.172490724015	2188
6.18781676616	2261
6.203142808305	2201
6.21846885045	2144
6.233794892595	2113
6.24912093474	2066
6.264446976885	1901
6.27977301903	1742
6.295099061175	1779
6.31042510332	1766
6.325751145465	1640
6.34107718761	1680
6.356403229755	1716
6.3717292719	1717
6.387055314045	1737
6.40238135619	1737
6.417707398335	1639
6.43303344048	1671
6.448359482625	1629
6.46368552477	1658
6.479011566915	1672
6.49433760906	1565
6.509663651205	1594
6.52498969335	1673
6.540315735495	1522
6.55564177764	1582
6.570967819785	1707
6.58629386193	1565
6.601619904075	1590
6.61694594622	1590
6.632271988365	1525
6.64759803051	1616
6.662924072655	1684
6.6782501148	1578
6.693576156945	1564
6.70890219909	1623
6.724228241235	1601
6.73955428338	1507
6.754880325525	1602
6.77020636767	1592
6.785532409815	1563
6.80085845196	1551
6.816184494105	1567
6.83151053625	1555
6.846836578395	1560
6.86216262054	1577
6.877488662685	1650
6.89281470483	1595
6.908140746975	1612
6.92346678912	1651
6.938792831265	1570
6.95411887341	1572
6.969444915555	1565
6.9847709577	1541
7.000096999845	1668
7.01542304199	1632
7.030749084135	1595
7.04607512628	1638
7.061401168425	1607
7.07672721057	1643
7.092053252715	1703
7.10737929486	1629
7.122705337005	1710
7.13803137915	1594
7.153357421295	1655
7.16868346344	1639
7.184009505585	1587
7.19933554773	1643
7.214661589875	1584
7.22998763202	1637
7.245313674165	1640
7.26063971631	1783
7.275965758455	1660
7.2912918006	1564
7.306617842745	1675
7.32194388489	1669
7.337269927035	1664
7.35259596918	1695
7.367922011325	1688
7.38324805347	1686
7.398574095615	1697
7.41390013776	1689
7.429226179905	1714
7.44455222205	1763
7.459878264195	1751
7.47520430634	1762
7.490530348485	1767
7.50585639063	1740
7.521182432775	1723
7.53650847492	1717
7.551834517065	1725
7.56716055921	1737
7.582486601355	1807
7.5978126435	1790
7.613138685645	1829
7.62846472779	1848
7.643790769935	1791
7.65911681208	1823
7.674442854225	1784
7.68976889637	1780
7.705094938515	1925
7.72042098066	1822
7.735747022805	1869
7.75107306495	1890
7.766399107095	1898
7.78172514924	1885
7.797051191385	1925
7.81237723353	1848
7.827703275675	1880
7.84302931782	2020
7.858355359965	1984
7.87368140211	1975
7.889007444255	1991
7.9043334864	2025
7.919659528545	2057
7.93498557069	2056
7.950311612835	2064
7.96563765498	2061
7.980963697125	2142
7.99628973927	2211
8.011615781415	2097
8.02694182356	2116
8.042267865705	2207
8.05759390785	2207
8.072919949995	2236
8.08824599214	2223
8.103572034285	2273
8.11889807643	2274
8.134224118575	2295
8.14955016072	2380
8.164876202865	2395
8.18020224501	2506
8.195528287155	2481
8.2108543293	2549
8.226180371445	2505
8.24150641359	2533
8.256832455735	2612
8.27215849788	2557
8.287484540025	2633
8.30281058217	2608
8.318136624315	2733
8.33346266646	2889
8.348788708605	2757
8.36411475075	2818
8.379440792895	2952
8.39476683504	2881
8.410092877185	3074
8.42541891933	3103
8.440744961475	3142
8.45607100362	3133
8.471397045765	3243
8.48672308791	3307
8.502049130055	3394
8.5173751722	3382
8.532701214345	3480
8.54802725649	3538
8.563353298635	3537
8.57867934078	3785
8.594005382925	3681
8.60933142507	3988
8.624657467215	4096
8.63998350936	4089
8.655309551505	4272
8.67063559365	4404
8.685961635795	4612
8.70128767794	4898
8.716613720085	5216
8.73193976223	5307
8.747265804375	5721
8.76259184652	6242
8.777917888665	6807
8.79324393081	7483
8.808569972955	8327
8.8238960151	8873
8.839222057245	8753
8.85454809939	8180
8.869874141535	6940
8.88520018368	5525
8.900526225825	4715
8.91585226797	4109
8.931178310115	3837
8.94650435226	3445
8.961830394405	3203
8.97715643655	3109
8.992482478695	2894
9.00780852084	2679
9.023134562985	2501
9.03846060513	2451
9.053786647275	2297
9.06911268942	2273
9.084438731565	2106
9.09976477371	2113
9.115090815855	2030
9.130416858	1926
9.145742900145	1770
9.16106894229	1662
9.176394984435	1700
9.19172102658	1627
9.207047068725	1547
9.22237311087	1482
9.237699153015	1464
9.25302519516	1343
9.268351237305	1366
9.28367727945	1321
9.299003321595	1288
9.31432936374	1260
9.329655405885	1231
9.34498144803	1182
9.360307490175	1177
9.37563353232	1128
9.390959574465	1120
9.40628561661	1079
9.421611658755	1020
9.4369377009	990
9.452263743045	1041
9.46758978519	975
9.482915827335	985
9.49824186948	927
9.513567911625	970
9.52889395377	914
9.544219995915	866
9.55954603806	937
9.574872080205	915
9.59019812235	898
9.605524164495	903
9.62085020664	895
9.636176248785	867
9.65150229093	833
9.666828333075	777
9.68215437522	857
9.697480417365	801
9.71280645951	836
9.728132501655	801
9.7434585438	764
9.758784585945	792
9.77411062809	792
9.789436670235	793
9.80476271238	750
9.820088754525	777
9.83541479667	764
9.850740838815	778
9.86606688096	735
9.881392923105	740
9.89671896525	796
9.912045007395	763
9.92737104954	746
9.942697091685	745
9.95802313383	765
9.973349175975	738
9.98867521812	748
10.004001260265	728
10.01932730241	687
10.034653344555	769
10.0499793867	750
10.065305428845	725
10.08063147099	660
10.095957513135	749
10.11128355528	667
10.126609597425	672
10.14193563957	730
10.157261681715	705
10.17258772386	726
10.187913766005	682
10.20323980815	720
10.218565850295	725
10.23389189244	725
10.249217934585	713
10.26454397673	745
10.279870018875	773
10.29519606102	754
10.310522103165	720
10.32584814531	708
10.341174187455	739
10.3565002296	690
10.371826271745	724
10.38715231389	709
10.402478356035	754
10.41780439818	676
10.433130440325	757
10.44845648247	671
10.463782524615	677
10.47910856676	739
10.494434608905	727
10.50976065105	697
10.525086693195	804
10.54041273534	762
10.555738777485	748
10.57106481963	725
10.586390861775	739
10.60171690392	719
10.617042946065	716
10.63236898821	725
10.647695030355	701
10.6630210725	720
10.678347114645	717
10.69367315679	712
10.708999198935	736
10.72432524108	756
10.739651283225	717
10.75497732537	791
10.770303367515	773
10.78562940966	725
10.800955451805	769
10.81628149395	742
10.831607536095	767
10.84693357824	789
10.862259620385	782
10.87758566253	718
10.892911704675	773
10.90823774682	744
10.923563788965	708
10.93888983111	759
10.954215873255	736
10.9695419154	754
10.984867957545	709
11.00019399969	736
11.015520041835	736
11.03084608398	771
11.046172126125	730
11.06149816827	785
11.076824210415	833
11.09215025256	677
11.107476294705	776
11.12280233685	775
11.138128378995	794
11.15345442114	736
11.168780463285	719
11.18410650543	769
11.199432547575	723
11.21475858972	765
11.230084631865	756
11.24541067401	780
11.260736716155	783
11.2760627583	744
11.291388800445	748
11.30671484259	764
11.322040884735	765
11.33736692688	761
11.352692969025	787
11.36801901117	804
11.383345053315	767
11.39867109546	709
11.413997137605	775
11.42932317975	782
11.444649221895	777
11.45997526404	764
11.475301306185	749
11.49062734833	756
11.505953390475	727
11.52127943262	795
11.536605474765	795
11.55193151691	769
11.567257559055	800
11.5825836012	779
11.597909643345	772
11.61323568549	753
11.628561727635	767
11.64388776978	816
11.659213811925	825
11.67453985407	848
11.689865896215	800
11.70519193836	837
11.720517980505	844
11.73584402265	801
11.751170064795	877
11.76649610694	863
11.781822149085	830
11.79714819123	875
11.812474233375	820
11.82780027552	819
11.843126317665	881
11.85845235981	900
11.873778401955	843
11.8891044441	921
11.904430486245	920
11.91975652839	943
11.935082570535	932
11.95040861268	986
11.965734654825	914
11.98106069697	1001
11.996386739115	1003
12.01171278126	1045
12.027038823405	1040
12.04236486555	1033
12.057690907695	1107
12.07301694984	1172
12.088342991985	1279
12.10366903413	1276
12.118995076275	1312
12.13432111842	1360
12.149647160565	1460
12.16497320271	1509
12.180299244855	1561
12.195625287	1645
12.210951329145	1692
12.22627737129	1880
12.241603413435	1936
12.25692945558	2039
12.272255497725	2213
12.28758153987	2315
12.302907582015	2446
12.31823362416	2576
12.333559666305	2616
12.34888570845	2755
12.364211750595	2696
12.37953779274	2817
12.394863834885	2818
12.41018987703	2863
12.425515919175	2917
12.44084196132	2915
12.456168003465	2948
12.47149404561	2981
12.486820087755	2894
12.5021461299	2594
12.517472172045	2239
12.53279821419	1845
12.548124256335	1581
12.56345029848	1411
12.578776340625	1322
12.59410238277	1222
12.609428424915	1190
12.62475446706	1114
12.640080509205	1067
12.65540655135	1014
12.670732593495	994
12.68605863564	915
12.701384677785	967
12.71671071993	891
12.732036762075	843
12.74736280422	800
12.762688846365	852
12.77801488851	733
12.793340930655	810
12.8086669728	810
12.823993014945	739
12.83931905709	740
12.854645099235	736
12.86997114138	766
12.885297183525	707
12.90062322567	710
12.915949267815	704
12.93127530996	713
12.946601352105	703
12.96192739425	729
12.977253436395	672
12.99257947854	682
13.007905520685	695
13.02323156283	660
13.038557604975	637
13.05388364712	697
13.069209689265	645
13.08453573141	704
13.099861773555	740
13.1151878157	661
13.130513857845	640
13.14583989999	644
13.161165942135	703
13.17649198428	665
13.191818026425	628
13.20714406857	698
13.222470110715	719
13.23779615286	662
13.253122195005	697
13.26844823715	734
13.283774279295	694
13.29910032144	731
13.314426363585	649
13.32975240573	662
13.345078447875	641
13.36040449002	647
13.375730532165	622
13.39105657431	634
13.406382616455	597
13.4217086586	610
13.437034700745	604
13.45236074289	579
13.467686785035	636
13.48301282718	624
13.498338869325	649
13.51366491147	645
13.528990953615	716
13.54431699576	747
13.559643037905	763
13.57496908005	796
13.590295122195	843
13.60562116434	836
13.620947206485	809
13.63627324863	853
13.651599290775	819
13.66692533292	726
13.682251375065	732
13.69757741721	669
13.712903459355	597
13.7282295015	561
13.743555543645	568
13.75888158579	567
13.774207627935	536
13.78953367008	520
13.804859712225	585
13.82018575437	529
13.835511796515	522
13.85083783866	542
13.866163880805	558
13.88148992295	573
13.896815965095	537
13.91214200724	504
13.927468049385	564
13.94279409153	539
13.958120133675	551
13.97344617582	592
13.988772217965	519
14.00409826011	503
14.019424302255	537
14.0347503444	515
14.050076386545	523
14.06540242869	474
14.080728470835	563
14.09605451298	533
14.111380555125	565
14.12670659727	484
14.142032639415	547
14.15735868156	503
14.172684723705	505
14.18801076585	498
14.203336807995	521
14.21866285014	550
14.233988892285	538
14.24931493443	508
14.264640976575	461
14.27996701872	489
14.295293060865	516
14.31061910301	531
14.325945145155	508
14.3412711873	487
14.356597229445	524
14.37192327159	525
14.387249313735	532
14.40257535588	518
14.417901398025	552
14.43322744017	518
14.448553482315	568
14.46387952446	538
14.479205566605	521
14.49453160875	466
14.509857650895	541
14.52518369304	554
14.540509735185	540
14.55583577733	533
14.571161819475	504
14.58648786162	484
14.601813903765	550
14.61713994591	498
14.632465988055	507
14.6477920302	505
14.663118072345	528
14.67844411449	543
14.693770156635	525
14.70909619878	558
14.724422240925	500
14.73974828307	541
14.755074325215	516
14.77040036736	549
14.785726409505	515
14.80105245165	566
14.816378493795	559
14.83170453594	481
14.847030578085	543
14.86235662023	550
14.877682662375	507
14.89300870452	553
14.908334746665	539
14.92366078881	523
14.938986830955	588
14.9543128731	551
14.969638915245	581
14.98496495739	594
15.000290999535	662
15.01561704168	606
15.030943083825	655
15.04626912597	624
15.061595168115	692
15.07692121026	728
15.092247252405	634
15.10757329455	648
15.122899336695	613
15.13822537884	580
15.153551420985	532
15.16887746313	535
15.184203505275	478
15.19952954742	510
15.214855589565	503
15.23018163171	520
15.245507673855	496
15.260833716	470
15.276159758145	475
15.29148580029	481
15.306811842435	464
15.32213788458	464
15.337463926725	466
15.35278996887	457
15.368116011015	448
15.38344205316	462
15.398768095305	487
15.41409413745	464
15.429420179595	481
15.44474622174	443
15.460072263885	473
15.47539830603	485
15.490724348175	469
15.50605039032	494
15.521376432465	486
15.53670247461	474
15.552028516755	470
15.5673545589	487
15.582680601045	488
15.59800664319	489
15.613332685335	466
15.62865872748	507
15.643984769625	494
15.65931081177	453
15.674636853915	490
15.68996289606	488
15.705288938205	473
15.72061498035	479
15.735941022495	462
15.75126706464	417
15.766593106785	442
15.78191914893	461
15.797245191075	464
15.81257123322	477
15.827897275365	465
15.84322331751	433
15.858549359655	498
15.8738754018	436
15.889201443945	472
15.90452748609	458
15.919853528235	451
15.93517957038	456
15.950505612525	467
15.96583165467	445
15.981157696815	438
15.99648373896	448
16.011809781105	488
16.02713582325	437
16.042461865395	478
16.05778790754	447
16.073113949685	453
16.08843999183	462
16.103766033975	470
16.11909207612	482
16.134418118265	481
16.14974416041	467
16.165070202555	481
16.1803962447	450
16.195722286845	483
16.21104832899	480
16.226374371135	496
16.24170041328	467
16.257026455425	450
16.27235249757	460
16.287678539715	478
16.30300458186	475
16.318330624005	484
16.33365666615	469
16.348982708295	493
16.36430875044	502
16.379634792585	443
16.39496083473	443
16.410286876875	463
16.42561291902	445
16.440938961165	483
16.45626500331	457
16.471591045455	467
16.4869170876	472
16.502243129745	502
16.51756917189	468
16.532895214035	447
16.54822125618	490
16.563547298325	533
16.57887334047	457
16.594199382615	502
16.60952542476	513
16.624851466905	464
16.64017750905	495
16.655503551195	515
16.67082959334	492
16.686155635485	509
16.70148167763	489
16.716807719775	477
16.73213376192	514
16.747459804065	501
16.76278584621	514
16.778111888355	496
16.7934379305	508
16.808763972645	532
16.82409001479	482
16.839416056935	526
16.85474209908	507
16.870068141225	538
16.88539418337	496
16.900720225515	562
16.91604626766	563
16.931372309805	562
16.94669835195	549
16.962024394095	550
16.97735043624	535
16.992676478385	509
17.00800252053	558
17.023328562675	590
17.03865460482	580
17.053980646965	573
17.06930668911	548
17.084632731255	573
17.0999587734	595
17.115284815545	585
17.13061085769	598
17.145936899835	610
17.16126294198	580
17.176588984125	579
17.19191502627	623
17.207241068415	642
17.22256711056	619
17.237893152705	615
17.25321919485	600
17.268545236995	641
17.28387127914	617
17.299197321285	677
17.31452336343	674
17.329849405575	699
17.34517544772	719
17.360501489865	708
17.37582753201	735
17.391153574155	715
17.4064796163	724
17.421805658445	765
17.43713170059	827
17.452457742735	761
17.46778378488	800
17.483109827025	844
17.49843586917	827
17.513761911315	846
17.52908795346	876
17.544413995605	934
17.55974003775	978
17.575066079895	1016
17.59039212204	1023
17.605718164185	1114
17.62104420633	1224
17.636370248475	1332
17.65169629062	1373
17.667022332765	1539
17.68234837491	1717
17.697674417055	1894
17.7130004592	2075
17.728326501345	2236
17.74365254349	2341
17.758978585635	2251
17.77430462778	2175
17.789630669925	2040
17.80495671207	1933
17.820282754215	1671
17.83560879636	1532
17.850934838505	1495
17.86626088065	1310
17.881586922795	1255
17.89691296494	1192
17.912239007085	1156
17.92756504923	1093
17.942891091375	1033
17.95821713352	1020
17.973543175665	1000
17.98886921781	986
18.004195259955	937
18.0195213021	941
18.034847344245	895
18.05017338639	901
18.065499428535	911
18.08082547068	876
18.096151512825	869
18.11147755497	899
18.126803597115	815
18.14212963926	891
18.157455681405	846
18.17278172355	831
18.188107765695	815
18.20343380784	837
18.218759849985	806
18.23408589213	774
18.249411934275	845
18.26473797642	764
18.280064018565	766
18.29539006071	759
18.310716102855	811
18.326042145	843
18.341368187145	819
18.35669422929	819
18.372020271435	802
18.38734631358	798
18.402672355725	809
18.41799839787	787
18.433324440015	786
18.44865048216	805
18.463976524305	814
18.47930256645	857
18.494628608595	867
18.50995465074	838
18.525280692885	845
18.54060673503	906
18.555932777175	862
18.57125881932	878
18.586584861465	939
18.60191090361	940
18.617236945755	921
18.6325629879	949
18.647889030045	954
18.66321507219	977
18.678541114335	999
18.69386715648	992
18.709193198625	1030
18.72451924077	1035
18.739845282915	1026
18.75517132506	1057
18.770497367205	1094
18.78582340935	1066
18.801149451495	1003
18.81647549364	884
18.831801535785	847
18.84712757793	780
18.862453620075	706
18.87777966222	666
18.893105704365	710
18.90843174651	596
18.923757788655	617
18.9390838308	687
18.954409872945	604
18.96973591509	626
18.985061957235	638
19.00038799938	618
19.015714041525	625
19.03104008367	658
19.046366125815	727
19.06169216796	661
19.077018210105	739
19.09234425225	768
19.107670294395	784
19.12299633654	834
19.138322378685	872
19.15364842083	901
19.168974462975	933
19.18430050512	958
19.199626547265	1000
19.21495258941	1028
19.230278631555	1031
19.2456046737	1090
19.260930715845	1005
19.27625675799	1016
19.291582800135	1028
19.30690884228	1044
19.322234884425	1110
19.33756092657	1177
19.352886968715	1093
19.36821301086	1076
19.383539053005	1128
19.39886509515	1132
19.414191137295	1246
19.42951717944	1265
19.444843221585	1325
19.46016926373	1412
19.475495305875	1456
19.49082134802	1672
19.506147390165	1847
19.52147343231	1922
19.536799474455	2260
19.5521255166	2395
19.567451558745	2653
19.58277760089	2928
19.598103643035	3155
19.61342968518	3474
19.628755727325	3711
19.64408176947	3998
19.659407811615	4425
19.67473385376	4637
19.690059895905	4805
19.70538593805	4819
19.720711980195	4599
19.73603802234	4734
19.751364064485	4699
19.76669010663	4709
19.782016148775	4670
19.79734219092	4683
19.812668233065	4571
19.82799427521	4551
19.843320317355	4334
19.8586463595	4167
19.873972401645	3874
19.88929844379	3623
19.904624485935	3319
19.91995052808	3037
19.935276570225	2770
19.95060261237	2721
19.965928654515	2520
19.98125469666	2367
19.996580738805	2330
20.01190678095	2084
20.027232823095	2064
20.04255886524	2081
20.057884907385	2109
20.07321094953	2134
20.088536991675	2053
20.10386303382	2079
20.119189075965	2033
20.13451511811	2077
20.149841160255	1979
20.1651672024	1914
20.180493244545	1931
20.19581928669	1900
20.211145328835	1801
20.22647137098	1809
20.241797413125	1758
20.25712345527	1792
20.272449497415	1767
20.28777553956	1788
20.303101581705	1834
20.31842762385	1844
20.333753665995	1776
20.34907970814	1786
20.364405750285	1758
20.37973179243	1735
20.395057834575	1714
20.41038387672	1704
20.425709918865	1716
20.44103596101	1686
20.456362003155	1660
20.4716880453	1673
20.487014087445	1587
20.50234012959	1626
20.517666171735	1634
20.53299221388	1628
20.548318256025	1592
20.56364429817	1639
20.578970340315	1737
20.59429638246	1702
20.609622424605	1725
20.62494846675	1834
20.640274508895	1783
20.65560055104	1769
20.670926593185	1776
20.68625263533	1856
20.701578677475	2079
20.71690471962	2281
20.732230761765	2781
20.74755680391	3442
20.762882846055	4793
20.7782088882	6911
20.793534930345	10514
20.80886097249	14599
20.824187014635	17131
20.83951305678	15264
20.854839098925	12202
20.87016514107	10617
20.885491183215	8928
20.90081722536	6392
20.916143267505	4336
20.93146930965	3596
20.946795351795	3335
20.96212139394	3144
20.977447436085	2883
20.99277347823	2645
21.008099520375	2451
21.02342556252	2218
21.038751604665	1915
21.05407764681	1682
21.069403688955	1642
21.0847297311	1437
21.100055773245	1385
21.11538181539	1213
21.130707857535	1278
21.14603389968	1130
21.161359941825	1222
21.17668598397	1161
21.192012026115	1188
21.20733806826	1108
21.222664110405	1133
21.23799015255	1077
21.253316194695	1156
21.26864223684	1112
21.283968278985	1102
21.29929432113	1078
21.314620363275	1034
21.32994640542	1103
21.345272447565	1016
21.36059848971	1047
21.375924531855	1083
21.391250574	1038
21.406576616145	1100
21.42190265829	1090
21.437228700435	1101
21.45255474258	1087
21.467880784725	1066
21.48320682687	1148
21.498532869015	1150
21.51385891116	1184
21.529184953305	1184
21.54451099545	1258
21.559837037595	1268
21.57516307974	1222
21.590489121885	1264
21.60581516403	1170
21.621141206175	1202
21.63646724832	1118
21.651793290465	1131
21.66711933261	1056
21.682445374755	1014
21.6977714169	1039
21.713097459045	1007
21.72842350119	987
21.743749543335	974
21.75907558548	931
21.774401627625	910
21.78972766977	973
21.805053711915	978
21.82037975406	955
21.835705796205	944
21.85103183835	887
21.866357880495	951
21.88168392264	923
21.897009964785	910
21.91233600693	912
21.927662049075	908
21.94298809122	898
21.958314133365	923
21.97364017551	909
21.988966217655	901
22.0042922598	887
22.019618301945	942
22.03494434409	857
22.050270386235	858
22.06559642838	849
22.080922470525	909
22.09624851267	903
22.111574554815	889
22.12690059696	846
22.142226639105	873
22.15755268125	935
22.172878723395	892
22.18820476554	966
22.203530807685	909
22.21885684983	953
22.234182891975	1072
22.24950893412	1025
22.264834976265	1104
22.28016101841	1168
22.295487060555	1135
22.3108131027	1155
22.326139144845	1182
22.34146518699	1151
22.356791229135	1189
22.37211727128	1206
22.387443313425	1188
22.40276935557	1262
22.418095397715	1284
22.43342143986	1273
22.448747482005	1346
22.46407352415	1357
22.479399566295	1443
22.49472560844	1356
22.510051650585	1346
22.52537769273	1308
22.540703734875	1407
22.55602977702	1209
22.571355819165	1253
22.58668186131	1205
22.602007903455	1105
22.6173339456	1170
22.632659987745	1143
22.64798602989	1085
22.663312072035	1067
22.67863811418	1087
22.693964156325	1088
22.70929019847	1139
22.724616240615	1124
22.73994228276	1178
22.755268324905	1182
22.77059436705	1286
22.785920409195	1258
22.80124645134	1437
22.816572493485	1555
22.83189853563	1529
22.847224577775	1661
22.86255061992	1614
22.877876662065	1662
22.89320270421	1568
22.908528746355	1594
22.9238547885	1500
22.939180830645	1480
22.95450687279	1475
22.969832914935	1394
22.98515895708	1364
23.000484999225	1436
23.01581104137	1470
23.031137083515	1321
23.04646312566	1241
23.061789167805	1240
23.07711520995	1257
23.092441252095	1301
23.10776729424	1183
23.123093336385	1181
23.13841937853	1229
23.153745420675	1186
23.16907146282	1232
23.184397504965	1183
23.19972354711	1250
23.215049589255	1335
23.2303756314	1266
23.245701673545	1236
23.26102771569	1255
23.276353757835	1248
23.29167979998	1298
23.307005842125	1347
23.32233188427	1358
23.337657926415	1441
23.35298396856	1462
23.368310010705	1508
23.38363605285	1597
23.398962094995	1698
23.41428813714	1694
23.429614179285	1845
23.44494022143	1817
23.460266263575	1977
23.47559230572	1893
23.490918347865	1967
23.50624439001	1825
23.521570432155	1886
23.5368964743	1891
23.552222516445	1806
23.56754855859	1771
23.582874600735	1622
23.59820064288	1642
23.613526685025	1644
23.62885272717	1620
23.644178769315	1562
23.65950481146	1653
23.674830853605	1673
23.69015689575	1669
23.705482937895	1740
23.72080898004	1787
23.736135022185	1926
23.75146106433	1968
23.766787106475	1988
23.78211314862	1907
23.797439190765	1883
23.81276523291	1898
23.828091275055	1753
23.8434173172	1805
23.858743359345	1707
23.87406940149	1623
23.889395443635	1615
23.90472148578	1601
23.920047527925	1604
23.93537357007	1624
23.950699612215	1679
23.96602565436	1724
23.981351696505	1616
23.99667773865	1635
24.012003780795	1707
24.02732982294	1635
24.042655865085	1500
24.05798190723	1546
24.073307949375	1501
24.08863399152	1514
24.103960033665	1474
24.11928607581	1496
24.134612117955	1458
24.1499381601	1543
24.165264202245	1435
24.18059024439	1533
24.195916286535	1554
24.21124232868	1516
24.226568370825	1549
24.24189441297	1552
24.257220455115	1598
24.27254649726	1633
24.287872539405	1647
24.30319858155	1715
24.318524623695	1694
24.33385066584	1689
24.349176707985	1644
24.36450275013	1685
24.379828792275	1656
24.39515483442	1679
24.410480876565	1646
24.42580691871	1652
24.441132960855	1626
24.456459003	1731
24.471785045145	1764
24.48711108729	1778
24.502437129435	1689
24.51776317158	1762
24.533089213725	1785
24.54841525587	1682
24.563741298015	1758
24.57906734016	1760
24.594393382305	1786
24.60971942445	1782
24.625045466595	1755
24.64037150874	1715
24.655697550885	1814
24.67102359303	1798
24.686349635175	1754
24.70167567732	1816
24.717001719465	1886
24.73232776161	1944
24.747653803755	1954
24.7629798459	1993
24.778305888045	2094
24.79363193019	2160
24.808957972335	2186
24.82428401448	2278
24.839610056625	2311
24.85493609877	2389
24.870262140915	2407
24.88558818306	2409
24.900914225205	2462
24.91624026735	2471
24.931566309495	2517
24.94689235164	2502
24.962218393785	2535
24.97754443593	2483
24.992870478075	2518
25.00819652022	2512
25.023522562365	2481
25.03884860451	2546
25.054174646655	2548
25.0695006888	2653
25.084826730945	2719
25.10015277309	2710
25.115478815235	2934
25.13080485738	2868
25.146130899525	2881
25.16145694167	2899
25.176782983815	2885
25.19210902596	2813
25.207435068105	2873
25.22276111025	2857
25.238087152395	2953
25.25341319454	3055
25.268739236685	2972
25.28406527883	3005
25.299391320975	2783
25.31471736312	2706
25.330043405265	2707
25.34536944741	2628
25.360695489555	2539
25.3760215317	2542
25.391347573845	2594
25.40667361599	2686
25.421999658135	2708
25.43732570028	2908
25.452651742425	2918
25.46797778457	3047
25.483303826715	2854
25.49862986886	2954
25.513955911005	2876
25.52928195315	2677
25.544607995295	2606
25.55993403744	2722
25.575260079585	2756
25.59058612173	2750
25.605912163875	2807
25.62123820602	2865
25.636564248165	2915
25.65189029031	2838
25.667216332455	2727
25.6825423746	2500
25.697868416745	2604
25.71319445889	2378
25.728520501035	2326
25.74384654318	2171
25.759172585325	2022
25.77449862747	1959
25.789824669615	1923
25.80515071176	1785
25.820476753905	1690
25.83580279605	1816
25.851128838195	1773
25.86645488034	1832
25.881780922485	1715
25.89710696463	1729
25.912433006775	1769
25.92775904892	1808
25.943085091065	1667
25.95841113321	1813
25.973737175355	1676
25.9890632175	1758
26.004389259645	1740
26.01971530179	1763
26.035041343935	1823
26.05036738608	1777
26.065693428225	1760
26.08101947037	1882
26.096345512515	1865
26.11167155466	1895
26.126997596805	1834
26.14232363895	1880
26.157649681095	1876
26.17297572324	2051
26.188301765385	2076
26.20362780753	2064
26.218953849675	2135
26.23427989182	2122
26.249605933965	2141
26.26493197611	2281
26.280258018255	2328
26.2955840604	2392
26.310910102545	2501
26.32623614469	2648
26.341562186835	2754
26.35688822898	3045
26.372214271125	3263
26.38754031327	3547
26.402866355415	3605
26.41819239756	3966
26.433518439705	4330
26.44884448185	4705
26.464170523995	5247
26.47949656614	6057
26.494822608285	6967
26.51014865043	8602
26.525474692575	11500
26.54080073472	16992
26.556126776865	26297
26.57145281901	40052
26.586778861155	57983
26.6021049033	69816
26.617430945445	64476
26.63275698759	47567
26.648083029735	40495
26.66340907188	41368
26.678735114025	38651
26.69406115617	27903
26.709387198315	17757
26.72471324046	12857
26.740039282605	10895
26.75536532475	9686
26.770691366895	9199
26.78601740904	8917
26.801343451185	8309
26.81666949333	7945
26.831995535475	7581
26.84732157762	6719
26.862647619765	6243
26.87797366191	5685
26.893299704055	5427
26.9086257462	5146
26.923951788345	4771
26.93927783049	4564
26.954603872635	4121
26.96992991478	4311
26.985255956925	4113
27.00058199907	4219
27.015908041215	4231
27.03123408336	4250
27.046560125505	4195
27.06188616765	4029
27.077212209795	3965
27.09253825194	3760
27.107864294085	3582
27.12319033623	3510
27.138516378375	3162
27.15384242052	3011
27.169168462665	2898
27.18449450481	2900
27.199820546955	2683
27.2151465891	2679
27.230472631245	2652
27.24579867339	2518
27.261124715535	2493
27.27645075768	2545
27.291776799825	2524
27.30710284197	2725
27.322428884115	2767
27.33775492626	2854
27.353080968405	3051
27.36840701055	3331
27.383733052695	3782
27.39905909484	4526
27.414385136985	5173
27.42971117913	4935
27.445037221275	4751
27.46036326342	4798
27.475689305565	4878
27.49101534771	4897
27.506341389855	4652
27.521667432	4174
27.536993474145	3960
27.55231951629	3572
27.567645558435	3499
27.58297160058	3182
27.598297642725	2879
27.61362368487	2803
27.628949727015	2633
27.64427576916	2427
27.659601811305	2280
27.67492785345	2249
27.690253895595	2223
27.70557993774	2196
27.720905979885	2170
27.73623202203	2276
27.751558064175	2224
27.76688410632	2348
27.782210148465	2483
27.79753619061	2399
27.812862232755	2466
27.8281882749	2480
27.843514317045	2341
27.85884035919	2341
27.874166401335	2251
27.88949244348	2134
27.904818485625	1926
27.92014452777	1917
27.935470569915	1867
27.95079661206	1693
27.966122654205	1617
27.98144869635	1608
27.996774738495	1578
28.01210078064	1534
28.027426822785	1530
28.04275286493	1512
28.058078907075	1414
28.07340494922	1447
28.088730991365	1450
28.10405703351	1391
28.119383075655	1342
28.1347091178	1455
28.150035159945	1338
28.16536120209	1407
28.180687244235	1390
28.19601328638	1386
28.211339328525	1376
28.22666537067	1375
28.241991412815	1293
28.25731745496	1304
28.272643497105	1293
28.28796953925	1354
28.303295581395	1287
28.31862162354	1359
28.333947665685	1336
28.34927370783	1284
28.364599749975	1279
28.37992579212	1296
28.395251834265	1400
28.41057787641	1225
28.425903918555	1350
28.4412299607	1337
28.456556002845	1380
28.47188204499	1348
28.487208087135	1433
28.50253412928	1405
28.517860171425	1435
28.53318621357	1386
28.548512255715	1420
28.56383829786	1335
28.579164340005	1381
28.59449038215	1350
28.609816424295	1400
28.62514246644	1377
28.640468508585	1341
28.65579455073	1297
28.671120592875	1372
28.68644663502	1300
28.701772677165	1379
28.71709871931	1352
28.732424761455	1368
28.7477508036	1322
28.763076845745	1284
28.77840288789	1335
28.793728930035	1348
28.80905497218	1371
28.824381014325	1356
28.83970705647	1334
28.855033098615	1359
28.87035914076	1364
28.885685182905	1392
28.90101122505	1387
28.916337267195	1407
28.93166330934	1421
28.946989351485	1378
28.96231539363	1377
28.977641435775	1386
28.99296747792	1351
29.008293520065	1457
29.02361956221	1484
29.038945604355	1440
29.0542716465	1462
29.069597688645	1541
29.08492373079	1429
29.100249772935	1523
29.11557581508	1531
29.130901857225	1488
29.14622789937	1461
29.161553941515	1544
29.17687998366	1411
29.192206025805	1478
29.20753206795	1424
29.222858110095	1378
29.23818415224	1390
29.253510194385	1445
29.26883623653	1392
29.284162278675	1326
29.29948832082	1404
29.314814362965	1372
29.33014040511	1375
29.345466447255	1410
29.3607924894	1459
29.376118531545	1477
29.39144457369	1529
29.406770615835	1444
29.42209665798	1450
29.437422700125	1436
29.45274874227	1394
29.468074784415	1418
29.48340082656	1451
29.498726868705	1453
29.51405291085	1440
29.529378952995	1393
29.54470499514	1418
29.560031037285	1470
29.57535707943	1491
29.590683121575	1524
29.60600916372	1595
29.621335205865	1618
29.63666124801	1713
29.651987290155	1697
29.6673133323	1742
29.682639374445	1919
29.69796541659	1953
29.713291458735	2056
29.72861750088	2201
29.743943543025	2365
29.75926958517	2433
29.774595627315	2685
29.78992166946	2802
29.805247711605	2855
29.82057375375	2803
29.835899795895	2806
29.85122583804	2683
29.866551880185	2571
29.88187792233	2489
29.897203964475	2428
29.91253000662	2264
29.927856048765	2115
29.94318209091	1952
29.958508133055	1915
29.9738341752	1768
29.989160217345	1753
30.00448625949	1648
30.019812301635	1641
30.03513834378	1548
30.050464385925	1568
30.06579042807	1525
30.081116470215	1507
30.09644251236	1472
30.111768554505	1409
30.12709459665	1416
30.142420638795	1491
30.15774668094	1356
30.173072723085	1321
30.18839876523	1471
30.203724807375	1356
30.21905084952	1295
30.234376891665	1255
30.24970293381	1282
30.265028975955	1295
30.2803550181	1269
30.295681060245	1254
30.31100710239	1164
30.326333144535	1218
30.34165918668	1269
30.356985228825	1246
30.37231127097	1163
30.387637313115	1238
30.40296335526	1282
30.418289397405	1262
30.43361543955	1283
30.448941481695	1221
30.46426752384	1300
30.479593565985	1185
30.49491960813	1249
30.510245650275	1248
30.52557169242	1195
30.540897734565	1231
30.55622377671	1208
30.571549818855	1245
30.586875861	1213
30.602201903145	1220
30.61752794529	1270
30.632853987435	1340
30.64818002958	1449
30.663506071725	1452
30.67883211387	1522
30.694158156015	1604
30.70948419816	1694
30.724810240305	1831
30.74013628245	1911
30.755462324595	1944
30.77078836674	2067
30.786114408885	1984
30.80144045103	2006
30.816766493175	1942
30.83209253532	1910
30.847418577465	1865
30.86274461961	1885
30.878070661755	1712
30.8933967039	1640
30.908722746045	1552
30.92404878819	1457
30.939374830335	1380
30.95470087248	1316
30.970026914625	1296
30.98535295677	1225
31.000678998915	1254
31.01600504106	1287
31.031331083205	1261
31.04665712535	1191
31.061983167495	1256
31.07730920964	1223
31.092635251785	1292
31.10796129393	1365
31.123287336075	1371
31.13861337822	1516
31.153939420365	1520
31.16926546251	1650
31.184591504655	1694
31.1999175468	1602
31.215243588945	1729
31.23056963109	1591
31.245895673235	1523
31.26122171538	1521
31.276547757525	1513
31.29187379967	1451
31.307199841815	1334
31.32252588396	1334
31.337851926105	1259
31.35317796825	1264
31.368504010395	1225
31.38383005254	1122
31.399156094685	1174
31.41448213683	1141
31.429808178975	1057
31.44513422112	1093
31.460460263265	1064
31.47578630541	1150
31.491112347555	1096
31.5064383897	1139
31.521764431845	1072
31.53709047399	1027
31.552416516135	1072
31.56774255828	1043
31.583068600425	1126
31.59839464257	1000
31.613720684715	1003
31.62904672686	1011
31.644372769005	983
31.65969881115	1013
31.675024853295	1070
31.69035089544	995
31.705676937585	979
31.72100297973	937
31.736329021875	923
31.75165506402	1010
31.766981106165	968
31.78230714831	1042
31.797633190455	1045
31.8129592326	1074
31.828285274745	1033
31.84361131689	1047
31.858937359035	1097
31.87426340118	1125
31.889589443325	1116
31.90491548547	1161
31.920241527615	1231
31.93556756976	1262
31.950893611905	1299
31.96621965405	1392
31.981545696195	1404
31.99687173834	1488
32.012197780485	1389
32.02752382263	1415
32.042849864775	1352
32.05817590692	1321
32.073501949065	1266
32.08882799121	1227
32.104154033355	1229
32.1194800755	1181
32.134806117645	1096
32.15013215979	1142
32.165458201935	1074
32.18078424408	1063
32.196110286225	1068
32.21143632837	1070
32.226762370515	1109
32.24208841266	1048
32.257414454805	1155
32.27274049695	1125
32.288066539095	1150
32.30339258124	1150
32.318718623385	1115
32.33404466553	1002
32.349370707675	1095
32.36469674982	1020
32.380022791965	973
32.39534883411	1002
32.410674876255	914
32.4260009184	887
32.441326960545	898
32.45665300269	873
32.471979044835	821
32.48730508698	851
32.502631129125	801
32.51795717127	779
32.533283213415	770
32.54860925556	781
32.563935297705	751
32.57926133985	766
32.594587381995	767
32.60991342414	800
32.625239466285	710
32.64056550843	757
32.655891550575	731
32.67121759272	750
32.686543634865	748
32.70186967701	774
32.717195719155	749
32.7325217613	750
32.747847803445	762
32.76317384559	742
32.778499887735	769
32.79382592988	765
32.809151972025	780
32.82447801417	786
32.839804056315	785
32.85513009846	762
32.870456140605	704
32.88578218275	822
32.901108224895	775
32.91643426704	778
32.931760309185	848
32.94708635133	886
32.962412393475	873
32.97773843562	973
32.993064477765	1056
33.00839051991	989
33.023716562055	1064
33.0390426042	1078
33.054368646345	1127
33.06969468849	1130
33.085020730635	1110
33.10034677278	1149
33.115672814925	1063
33.13099885707	1038
33.146324899215	1053
33.16165094136	982
33.176976983505	1056
33.19230302565	1013
33.207629067795	930
33.22295510994	917
33.238281152085	928
33.25360719423	902
33.268933236375	880
33.28425927852	933
33.299585320665	866
33.31491136281	858
33.330237404955	854
33.3455634471	907
33.360889489245	904
33.37621553139	934
33.391541573535	838
33.40686761568	869
33.422193657825	918
33.43751969997	884
33.452845742115	847
33.46817178426	830
33.483497826405	840
33.49882386855	847
33.514149910695	884
33.52947595284	872
33.544801994985	860
33.56012803713	844
33.575454079275	904
33.59078012142	836
33.606106163565	916
33.62143220571	845
33.636758247855	839
33.65208429	930
33.667410332145	879
33.68273637429	901
33.698062416435	876
33.71338845858	868
33.728714500725	883
33.74404054287	911
33.759366585015	871
33.77469262716	897
33.790018669305	958
33.80534471145	894
33.820670753595	869
33.83599679574	865
33.851322837885	909
33.86664888003	899
33.881974922175	906
33.89730096432	924
33.912627006465	897
33.92795304861	922
33.943279090755	956
33.9586051329	924
33.973931175045	1011
33.98925721719	989
34.004583259335	1013
34.01990930148	1014
34.035235343625	1072
34.05056138577	1041
34.065887427915	1136
34.08121347006	1164
34.096539512205	1172
34.11186555435	1233
34.127191596495	1239
34.14251763864	1336
34.157843680785	1356
34.17316972293	1392
34.188495765075	1389
34.20382180722	1424
34.219147849365	1528
34.23447389151	1513
34.249799933655	1527
34.2651259758	1572
34.280452017945	1722
34.29577806009	1735
34.311104102235	1841
34.32643014438	2032
34.341756186525	1992
34.35708222867	2205
34.372408270815	2368
34.38773431296	2448
34.403060355105	2527
34.41838639725	2578
34.433712439395	2720
34.44903848154	2810
34.464364523685	2959
34.47969056583	3046
34.495016607975	3148
34.51034265012	3200
34.525668692265	3280
34.54099473441	3420
34.556320776555	3402
34.5716468187	3398
34.586972860845	3397
34.60229890299	3470
34.617624945135	3485
34.63295098728	3347
34.648277029425	3410
34.66360307157	3482
34.678929113715	3495
34.69425515586	3409
34.709581198005	3588
34.72490724015	3583
34.740233282295	3699
34.75555932444	3758
34.770885366585	3965
34.78621140873	3798
34.801537450875	4023
34.81686349302	4143
34.832189535165	4293
34.84751557731	4318
34.862841619455	4480
34.8781676616	4473
34.893493703745	4567
34.90881974589	4481
34.924145788035	4356
34.93947183018	4320
34.954797872325	4169
34.97012391447	4089
34.985449956615	3891
35.00077599876	3727
35.016102040905	3558
35.03142808305	3456
35.046754125195	3293
35.06208016734	3124
35.077406209485	2966
35.09273225163	2818
35.108058293775	2577
35.12338433592	2420
35.138710378065	2336
35.15403642021	2253
35.169362462355	2191
35.1846885045	2064
35.200014546645	1954
35.21534058879	1871
35.230666630935	1749
35.24599267308	1710
35.261318715225	1739
35.27664475737	1595
35.291970799515	1599
35.30729684166	1582
35.322622883805	1556
35.33794892595	1563
35.353274968095	1508
35.36860101024	1520
35.383927052385	1438
35.39925309453	1543
35.414579136675	1467
35.42990517882	1480
35.445231220965	1424
35.46055726311	1433
35.475883305255	1334
35.4912093474	1402
35.506535389545	1477
35.52186143169	1414
35.537187473835	1458
35.55251351598	1383
35.567839558125	1539
35.58316560027	1455
35.598491642415	1396
35.61381768456	1459
35.629143726705	1361
35.64446976885	1344
35.659795810995	1291
35.67512185314	1258
35.690447895285	1199
35.70577393743	1273
35.721099979575	1167
35.73642602172	1202
35.751752063865	1159
35.76707810601	1149
35.782404148155	1116
35.7977301903	1246
35.813056232445	1220
35.82838227459	1163
35.843708316735	1232
35.85903435888	1315
35.874360401025	1366
35.88968644317	1311
35.905012485315	1315
35.92033852746	1315
35.935664569605	1259
35.95099061175	1339
35.966316653895	1334
35.98164269604	1326
35.996968738185	1281
36.01229478033	1341
36.027620822475	1261
36.04294686462	1355
36.058272906765	1324
36.07359894891	1217
36.088924991055	1169
36.1042510332	1107
36.119577075345	1142
36.13490311749	1129
36.150229159635	1090
36.16555520178	1117
36.180881243925	1148
36.19620728607	1102
36.211533328215	1014
36.22685937036	1120
36.242185412505	1054
36.25751145465	1093
36.272837496795	1195
36.28816353894	1167
36.303489581085	1216
36.31881562323	1299
36.334141665375	1275
36.34946770752	1388
36.364793749665	1364
36.38011979181	1529
36.395445833955	1589
36.4107718761	1705
36.426097918245	1959
36.44142396039	2433
36.456750002535	2983
36.47207604468	4026
36.487402086825	5314
36.50272812897	6059
36.518054171115	5731
36.53338021326	4526
36.548706255405	3570
36.56403229755	3372
36.579358339695	3710
36.59468438184	3937
36.610010423985	3855
36.62533646613	3098
36.640662508275	2355
36.65598855042	2110
36.671314592565	1849
36.68664063471	1808
36.701966676855	1769
36.717292719	1641
36.732618761145	1635
36.74794480329	1664
36.763270845435	1591
36.77859688758	1552
36.793922929725	1596
36.80924897187	1506
36.824575014015	1551
36.83990105616	1539
36.855227098305	1510
36.87055314045	1518
36.885879182595	1446
36.90120522474	1538
36.916531266885	1573
36.93185730903	1595
36.947183351175	1532
36.96250939332	1557
36.977835435465	1573
36.99316147761	1556
37.008487519755	1588
37.0238135619	1497
37.039139604045	1570
37.05446564619	1572
37.069791688335	1607
37.08511773048	1570
37.100443772625	1551
37.11576981477	1578
37.131095856915	1584
37.14642189906	1709
37.161747941205	1653
37.17707398335	1640
37.192400025495	1659
37.20772606764	1599
37.223052109785	1640
37.23837815193	1735
37.253704194075	1743
37.26903023622	1708
37.284356278365	1733
37.29968232051	1751
37.315008362655	1764
37.3303344048	1777
37.345660446945	1813
37.36098648909	1784
37.376312531235	1858
37.39163857338	1874
37.406964615525	1884
37.42229065767	1938
37.437616699815	1893
37.45294274196	1945
37.468268784105	2000
37.48359482625	1993
37.498920868395	2002
37.51424691054	2047
37.529572952685	1996
37.54489899483	1995
37.560225036975	2006
37.57555107912	2078
37.590877121265	2051
37.60620316341	2046
37.621529205555	2067
37.6368552477	2053
37.652181289845	2110
37.66750733199	2119
37.682833374135	2062
37.69815941628	1999
37.713485458425	2053
37.72881150057	2056
37.744137542715	1926
37.75946358486	1916
37.774789627005	1857
37.79011566915	1779
37.805441711295	1753
37.82076775344	1644
37.836093795585	1616
37.85141983773	1563
37.866745879875	1437
37.88207192202	1502
37.897397964165	1345
37.91272400631	1334
37.928050048455	1324
37.9433760906	1313
37.958702132745	1229
37.97402817489	1178
37.989354217035	1161
38.00468025918	1158
38.020006301325	1155
38.03533234347	1117
38.050658385615	1116
38.06598442776	1120
38.081310469905	1118
38.09663651205	1058
38.111962554195	1035
38.12728859634	1047
38.142614638485	1040
38.15794068063	1007
38.173266722775	969
38.18859276492	968
38.203918807065	940
38.21924484921	979
38.234570891355	944
38.2498969335	1010
38.265222975645	996
38.28054901779	960
38.295875059935	983
38.31120110208	969
38.326527144225	957
38.34185318637	993
38.357179228515	969
38.37250527066	960
38.387831312805	995
38.40315735495	963
38.418483397095	961
38.43380943924	996
38.449135481385	958
38.46446152353	895
38.479787565675	1018
38.49511360782	976
38.510439649965	939
38.52576569211	929
38.541091734255	990
38.5564177764	916
38.571743818545	910
38.58706986069	922
38.602395902835	889
38.61772194498	819
38.633047987125	823
38.64837402927	901
38.663700071415	918
38.67902611356	802
38.694352155705	795
38.70967819785	801
38.725004239995	726
38.74033028214	796
38.755656324285	748
38.77098236643	763
38.786308408575	742
38.80163445072	720
38.816960492865	697
38.83228653501	705
38.847612577155	719
38.8629386193	713
38.878264661445	728
38.89359070359	760
38.908916745735	739
38.92424278788	702
38.939568830025	732
38.95489487217	686
38.970220914315	717
38.98554695646	704
39.000872998605	694
39.01619904075	688
39.031525082895	692
39.04685112504	682
39.062177167185	706
39.07750320933	699
39.092829251475	764
39.10815529362	784
39.123481335765	699
39.13880737791	785
39.154133420055	732
39.1694594622	755
39.184785504345	756
39.20011154649	788
39.215437588635	785
39.23076363078	817
39.246089672925	826
39.26141571507	840
39.276741757215	880
39.29206779936	862
39.307393841505	932
39.32271988365	938
39.338045925795	1081
39.35337196794	1287
39.368698010085	1676
39.38402405223	2272
39.399350094375	3129
39.41467613652	4123
39.430002178665	4519
39.44532822081	3715
39.460654262955	2776
39.4759803051	2254
39.491306347245	2099
39.50663238939	2385
39.521958431535	2680
39.53728447368	2706
39.552610515825	2078
39.56793655797	1544
39.583262600115	1306
39.59858864226	1074
39.613914684405	1009
39.62924072655	874
39.644566768695	908
39.65989281084	914
39.675218852985	976
39.69054489513	930
39.705870937275	961
39.72119697942	975
39.736523021565	944
39.75184906371	939
39.767175105855	1000
39.782501148	1003
39.797827190145	1032
39.81315323229	1065
39.828479274435	1063
39.84380531658	1057
39.859131358725	1135
39.87445740087	1165
39.889783443015	1115
39.90510948516	1173
39.920435527305	1146
39.93576156945	1138
39.951087611595	1197
39.96641365374	1210
39.981739695885	1252
39.99706573803	1160
40.012391780175	1172
40.02771782232	1181
40.043043864465	1147
40.05836990661	1235
40.073695948755	1165
40.0890219909	1170
40.104348033045	1141
40.11967407519	1117
40.135000117335	1197
40.15032615948	1195
40.165652201625	1253
40.18097824377	1307
40.196304285915	1563
40.21163032806	1969
40.226956370205	2403
40.24228241235	2862
40.257608454495	2742
40.27293449664	2298
40.288260538785	1914
40.30358658093	1730
40.318912623075	1747
40.33423866522	1866
40.349564707365	1939
40.36489074951	1853
40.380216791655	1519
40.3955428338	1346
40.410868875945	1179
40.42619491809	1064
40.441520960235	951
40.45684700238	913
40.472173044525	925
40.48749908667	929
40.502825128815	873
40.51815117096	916
40.533477213105	905
40.54880325525	919
40.564129297395	940
40.57945533954	904
40.594781381685	903
40.61010742383	915
40.625433465975	909
40.64075950812	903
40.656085550265	953
40.67141159241	969
40.686737634555	1019
40.7020636767	1004
40.717389718845	1054
40.73271576099	1057
40.748041803135	1050
40.76336784528	1048
40.778693887425	1117
40.79401992957	1114
40.809345971715	1091
40.82467201386	1167
40.839998056005	1134
40.85532409815	1144
40.870650140295	1119
40.88597618244	1195
40.901302224585	1074
40.91662826673	1063
40.931954308875	1134
40.94728035102	1075
40.962606393165	1067
40.97793243531	1102
40.993258477455	1083
41.0085845196	1052
41.023910561745	1041
41.03923660389	979
41.054562646035	1018
41.06988868818	956
41.085214730325	1050
41.10054077247	1031
41.115866814615	1089
41.13119285676	1019
41.146518898905	1003
41.16184494105	1033
41.177170983195	1054
41.19249702534	1070
41.207823067485	1029
41.22314910963	1022
41.238475151775	998
41.25380119392	959
41.269127236065	983
41.28445327821	976
41.299779320355	936
41.3151053625	1001
41.330431404645	1001
41.34575744679	966
41.361083488935	1037
41.37640953108	945
41.391735573225	989
41.40706161537	933
41.422387657515	904
41.43771369966	969
41.453039741805	887
41.46836578395	971
41.483691826095	958
41.49901786824	981
41.514343910385	945
41.52966995253	993
41.544995994675	1022
41.56032203682	991
41.575648078965	1024
41.59097412111	1077
41.606300163255	1067
41.6216262054	1138
41.636952247545	1096
41.65227828969	1136
41.667604331835	1108
41.68293037398	1165
41.698256416125	1177
41.71358245827	1191
41.728908500415	1249
41.74423454256	1277
41.759560584705	1270
41.77488662685	1173
41.790212668995	1253
41.80553871114	1177
41.820864753285	1198
41.83619079543	1189
41.851516837575	1251
41.86684287972	1239
41.882168921865	1277
41.89749496401	1233
41.912821006155	1218
41.9281470483	1176
41.943473090445	1209
41.95879913259	1194
41.974125174735	1192
41.98945121688	1227
42.004777259025	1204
42.02010330117	1197
42.035429343315	1214
42.05075538546	1111
42.066081427605	1149
42.08140746975	1126
42.096733511895	1179
42.11205955404	1103
42.127385596185	1188
42.14271163833	1121
42.158037680475	1206
42.17336372262	1166
42.188689764765	1257
42.20401580691	1232
42.219341849055	1363
42.2346678912	1286
42.249993933345	1364
42.26531997549	1335
42.280646017635	1445
42.29597205978	1566
42.311298101925	1786
42.32662414407	1795
42.341950186215	2079
42.35727622836	2482
42.372602270505	3117
42.38792831265	3749
42.403254354795	4436
42.41858039694	4352
42.433906439085	3525
42.44923248123	2770
42.464558523375	2404
42.47988456552	2309
42.495210607665	2601
42.51053664981	2802
42.525862691955	2702
42.5411887341	2312
42.556514776245	1977
42.57184081839	1624
42.587166860535	1350
42.60249290268	1284
42.617818944825	1153
42.63314498697	1123
42.648471029115	1129
42.66379707126	1143
42.679123113405	1041
42.69444915555	1042
42.709775197695	1041
42.72510123984	1012
42.740427281985	930
42.75575332413	959
42.771079366275	890
42.78640540842	919
42.801731450565	875
42.81705749271	858
42.832383534855	859
42.847709577	804
42.863035619145	870
42.87836166129	884
42.893687703435	843
42.90901374558	778
42.924339787725	763
42.93966582987	754
42.954991872015	773
42.97031791416	768
42.985643956305	776
43.00096999845	758
43.016296040595	748
43.03162208274	760
43.046948124885	741
43.06227416703	737
43.077600209175	738
43.09292625132	766
43.108252293465	747
43.12357833561	776
43.138904377755	731
43.1542304199	721
43.169556462045	704
43.18488250419	757
43.200208546335	751
43.21553458848	753
43.230860630625	751
43.24618667277	740
43.261512714915	738
43.27683875706	644
43.292164799205	714
43.30749084135	703
43.322816883495	766
43.33814292564	696
43.353468967785	755
43.36879500993	750
43.384121052075	702
43.39944709422	789
43.414773136365	757
43.43009917851	739
43.445425220655	778
43.4607512628	751
43.476077304945	772
43.49140334709	780
43.506729389235	753
43.52205543138	749
43.537381473525	776
43.55270751567	829
43.568033557815	819
43.58335959996	806
43.598685642105	810
43.61401168425	788
43.629337726395	826
43.64466376854	866
43.659989810685	881
43.67531585283	779
43.690641894975	841
43.70596793712	739
43.721293979265	761
43.73662002141	791
43.751946063555	775
43.7672721057	736
43.782598147845	775
43.79792418999	796
43.813250232135	770
43.82857627428	758
43.843902316425	788
43.85922835857	771
43.874554400715	755
43.88988044286	729
43.905206485005	838
43.92053252715	840
43.935858569295	834
43.95118461144	812
43.966510653585	868
43.98183669573	803
43.997162737875	825
44.01248878002	840
44.027814822165	764
44.04314086431	757
44.058466906455	872
44.0737929486	822
44.089118990745	795
44.10444503289	838
44.119771075035	804
44.13509711718	765
44.150423159325	778
44.16574920147	779
44.181075243615	753
44.19640128576	702
44.211727327905	775
44.22705337005	769
44.242379412195	762
44.25770545434	770
44.273031496485	774
44.28835753863	761
44.303683580775	761
44.31900962292	733
44.334335665065	728
44.34966170721	768
44.364987749355	731
44.3803137915	720
44.395639833645	757
44.41096587579	756
44.426291917935	726
44.44161796008	770
44.456944002225	793
44.47227004437	765
44.487596086515	790
44.50292212866	777
44.518248170805	813
44.53357421295	779
44.548900255095	752
44.56422629724	859
44.579552339385	819
44.59487838153	885
44.610204423675	798
44.62553046582	861
44.640856507965	845
44.65618255011	910
44.671508592255	877
44.6868346344	874
44.702160676545	947
44.71748671869	922
44.732812760835	1008
44.74813880298	941
44.763464845125	1005
44.77879088727	989
44.794116929415	1010
44.80944297156	996
44.824769013705	1072
44.84009505585	1064
44.855421097995	1161
44.87074714014	1094
44.886073182285	1107
44.90139922443	1119
44.916725266575	1135
44.93205130872	1191
44.947377350865	1181
44.96270339301	1188
44.978029435155	1256
44.9933554773	1227
45.008681519445	1244
45.02400756159	1287
45.039333603735	1320
45.05465964588	1332
45.069985688025	1300
45.08531173017	1314
45.100637772315	1363
45.11596381446	1404
45.131289856605	1310
45.14661589875	1358
45.161941940895	1428
45.17726798304	1414
45.192594025185	1463
45.20792006733	1535
45.223246109475	1531
45.23857215162	1593
45.253898193765	1558
45.26922423591	1724
45.284550278055	1763
45.2998763202	1932
45.315202362345	1832
45.33052840449	1895
45.345854446635	1928
45.36118048878	1991
45.376506530925	2044
45.39183257307	2037
45.407158615215	1971
45.42248465736	2056
45.437810699505	2073
45.45313674165	1935
45.468462783795	1986
45.48378882594	2035
45.499114868085	1914
45.51444091023	2018
45.529766952375	1870
45.54509299452	1840
45.560419036665	1868
45.57574507881	1710
45.591071120955	1696
45.6063971631	1704
45.621723205245	1606
45.63704924739	1645
45.652375289535	1715
45.66770133168	1776
45.683027373825	1902
45.69835341597	2062
45.713679458115	2389
45.72900550026	2838
45.744331542405	3139
45.75965758455	3165
45.774983626695	2733
45.79030966884	2122
45.805635710985	1915
45.82096175313	1873
45.836287795275	1971
45.85161383742	2096
45.866939879565	2286
45.88226592171	2160
45.897591963855	1972
45.912918006	1666
45.928244048145	1589
45.94357009029	1402
45.958896132435	1456
45.97422217458	1310
45.989548216725	1319
46.00487425887	1284
46.020200301015	1250
46.03552634316	1282
46.050852385305	1237
46.06617842745	1170
46.081504469595	1136
46.09683051174	1095
46.112156553885	1048
46.12748259603	1067
46.142808638175	1046
46.15813468032	1025
46.173460722465	913
46.18878676461	920
46.204112806755	946
46.2194388489	868
46.234764891045	916
46.25009093319	901
46.265416975335	879
46.28074301748	844
46.296069059625	891
46.31139510177	883
46.326721143915	848
46.34204718606	850
46.357373228205	825
46.37269927035	842
46.388025312495	827
46.40335135464	867
46.418677396785	865
46.43400343893	817
46.449329481075	844
46.46465552322	822
46.479981565365	847
46.49530760751	814
46.510633649655	834
46.5259596918	844
46.541285733945	775
46.55661177609	826
46.571937818235	755
46.58726386038	785
46.602589902525	797
46.61791594467	787
46.633241986815	743
46.64856802896	705
46.663894071105	681
46.67922011325	715
46.694546155395	704
46.70987219754	707
46.725198239685	706
46.74052428183	655
46.755850323975	683
46.77117636612	690
46.786502408265	742
46.80182845041	672
46.817154492555	682
46.8324805347	677
46.847806576845	734
46.86313261899	661
46.878458661135	712
46.89378470328	694
46.909110745425	682
46.92443678757	711
46.939762829715	719
46.95508887186	768
46.970414914005	747
46.98574095615	749
47.001066998295	748
47.01639304044	719
47.031719082585	770
47.04704512473	773
47.062371166875	731
47.07769720902	706
47.093023251165	762
47.10834929331	705
47.123675335455	680
47.1390013776	641
47.154327419745	676
47.16965346189	666
47.184979504035	635
47.20030554618	649
47.215631588325	673
47.23095763047	676
47.246283672615	641
47.26160971476	595
47.276935756905	584
47.29226179905	605
47.307587841195	609
47.32291388334	631
47.338239925485	645
47.35356596763	632
47.368892009775	660
47.38421805192	703
47.399544094065	639
47.41487013621	691
47.430196178355	668
47.4455222205	634
47.460848262645	617
47.47617430479	626
47.491500346935	645
47.50682638908	646
47.522152431225	617
47.53747847337	627
47.552804515515	630
47.56813055766	550
47.583456599805	557
47.59878264195	563
47.614108684095	573
47.62943472624	559
47.644760768385	515
47.66008681053	503
47.675412852675	535
47.69073889482	498
47.706064936965	554
47.72139097911	558
47.736717021255	515
47.7520430634	539
47.767369105545	571
47.78269514769	528
47.798021189835	542
47.81334723198	563
47.828673274125	560
47.84399931627	539
47.859325358415	565
47.87465140056	623
47.889977442705	662
47.90530348485	630
47.920629526995	659
47.93595556914	685
47.951281611285	736
47.96660765343	721
47.981933695575	695
47.99725973772	719
48.012585779865	723
48.02791182201	684
48.043237864155	712
48.0585639063	727
48.073889948445	695
48.08921599059	697
48.104542032735	709
48.11986807488	657
48.135194117025	681
48.15052015917	633
48.165846201315	608
48.18117224346	583
48.196498285605	624
48.21182432775	613
48.227150369895	599
48.24247641204	580
48.257802454185	589
48.27312849633	566
48.288454538475	620
48.30378058062	562
48.319106622765	570
48.33443266491	541
48.349758707055	608
48.3650847492	529
48.380410791345	571
48.39573683349	553
48.411062875635	567
48.42638891778	537
48.441714959925	526
48.45704100207	547
48.472367044215	528
48.48769308636	520
48.503019128505	499
48.51834517065	520
48.533671212795	524
48.54899725494	477
48.564323297085	514
48.57964933923	471
48.594975381375	539
48.61030142352	500
48.625627465665	507
48.64095350781	604
48.656279549955	556
48.6716055921	585
48.686931634245	553
48.70225767639	502
48.717583718535	555
48.73290976068	552
48.748235802825	542
48.76356184497	534
48.778887887115	545
48.79421392926	519
48.809539971405	516
48.82486601355	554
48.840192055695	537
48.85551809784	551
48.870844139985	540
48.88617018213	575
48.901496224275	549
48.91682226642	540
48.932148308565	562
48.94747435071	564
48.962800392855	574
48.978126435	626
48.993452477145	599
49.00877851929	650
49.024104561435	691
49.03943060358	640
49.054756645725	645
49.07008268787	621
49.085408730015	631
49.10073477216	578
49.116060814305	628
49.13138685645	580
49.146712898595	614
49.16203894074	584
49.177364982885	603
49.19269102503	567
49.208017067175	560
49.22334310932	594
49.238669151465	592
49.25399519361	562
49.269321235755	596
49.2846472779	633
49.299973320045	626
49.31529936219	604
49.330625404335	582
49.34595144648	615
49.361277488625	585
49.37660353077	649
49.391929572915	674
49.40725561506	565
49.422581657205	617
49.43790769935	597
49.453233741495	613
49.46855978364	587
49.483885825785	590
49.49921186793	590
49.514537910075	589
49.52986395222	592
49.545189994365	605
49.56051603651	598
49.575842078655	595
49.5911681208	594
49.606494162945	578
49.62182020509	559
49.637146247235	513
49.65247228938	543
49.667798331525	568
49.68312437367	547
49.698450415815	553
49.71377645796	579
49.729102500105	606
49.74442854225	531
49.759754584395	561
49.77508062654	544
49.790406668685	595
49.80573271083	617
49.821058752975	568
49.83638479512	627
49.851710837265	682
49.86703687941	696
49.882362921555	752
49.8976889637	724
49.913015005845	710
49.92834104799	803
49.943667090135	857
49.95899313228	870
49.974319174425	993
49.98964521657	1142
50.004971258715	1441
50.02029730086	1800
50.035623343005	2525
50.05094938515	3772
50.066275427295	4988
50.08160146944	6688
50.096927511585	7696
50.11225355373	6886
50.127579595875	4939
50.14290563802	3437
50.158231680165	2707
50.17355772231	2541
50.188883764455	2788
50.2042098066	3453
50.219535848745	4197
50.23486189089	4266
50.250187933035	3601
50.26551397518	2516
50.280840017325	1886
50.29616605947	1298
50.311492101615	1102
50.32681814376	924
50.342144185905	859
50.35747022805	700
50.372796270195	756
50.38812231234	708
50.403448354485	753
50.41877439663	669
50.434100438775	710
50.44942648092	705
50.464752523065	724
50.48007856521	730
50.495404607355	799
50.5107306495	795
50.526056691645	857
50.54138273379	920
50.556708775935	894
50.57203481808	995
50.587360860225	955
50.60268690237	901
50.618012944515	906
50.63333898666	904
50.648665028805	908
50.66399107095	913
50.679317113095	933
50.69464315524	926
50.709969197385	930
50.72529523953	953
50.740621281675	868
50.75594732382	906
50.771273365965	844
50.78659940811	897
50.801925450255	881
50.8172514924	821
50.832577534545	834
50.84790357669	793
50.863229618835	817
50.87855566098	786
50.893881703125	715
50.90920774527	707
50.924533787415	730
50.93985982956	692
50.955185871705	665
50.97051191385	623
50.985837955995	676
51.00116399814	597
51.016490040285	573
51.03181608243	565
51.047142124575	536
51.06246816672	540
51.077794208865	501
51.09312025101	514
51.108446293155	488
51.1237723353	476
51.139098377445	461
51.15442441959	479
51.169750461735	458
51.18507650388	457
51.200402546025	480
51.21572858817	479
51.231054630315	453
51.24638067246	434
51.261706714605	458
51.27703275675	426
51.292358798895	462
51.30768484104	414
51.323010883185	446
51.33833692533	433
51.353662967475	429
51.36898900962	438
51.384315051765	458
51.39964109391	391
51.414967136055	438
51.4302931782	461
51.445619220345	418
51.46094526249	403
51.476271304635	431
51.49159734678	447
51.506923388925	390
51.52224943107	442
51.537575473215	481
51.55290151536	428
51.568227557505	466
51.58355359965	405
51.598879641795	422
51.61420568394	456
51.629531726085	472
51.64485776823	460
51.660183810375	383
51.67550985252	420
51.690835894665	453
51.70616193681	433
51.721487978955	437
51.7368140211	425
51.752140063245	426
51.76746610539	449
51.782792147535	437
51.79811818968	397
51.813444231825	443
51.82877027397	396
51.844096316115	437
51.85942235826	432
51.874748400405	413
51.89007444255	459
51.905400484695	444
51.92072652684	417
51.936052568985	408
51.95137861113	452
51.966704653275	422
51.98203069542	446
51.997356737565	403
52.01268277971	445
52.028008821855	452
52.043334864	486
52.058660906145	469
52.07398694829	463
52.089312990435	456
52.10463903258	439
52.119965074725	499
52.13529111687	481
52.150617159015	472
52.16594320116	461
52.181269243305	473
52.19659528545	460
52.211921327595	510
52.22724736974	491
52.242573411885	471
52.25789945403	487
52.273225496175	527
52.28855153832	556
52.303877580465	526
52.31920362261	542
52.334529664755	544
52.3498557069	554
52.365181749045	583
52.38050779119	532
52.395833833335	580
52.41115987548	581
52.426485917625	491
52.44181195977	533
52.457138001915	569
52.47246404406	549
52.487790086205	546
52.50311612835	558
52.518442170495	526
52.53376821264	550
52.549094254785	549
52.56442029693	531
52.579746339075	541
52.59507238122	554
52.610398423365	524
52.62572446551	539
52.641050507655	558
52.6563765498	562
52.671702591945	543
52.68702863409	576
52.702354676235	549
52.71768071838	567
52.733006760525	566
52.74833280267	619
52.763658844815	592
52.77898488696	653
52.794310929105	646
52.80963697125	628
52.824963013395	666
52.84028905554	674
52.855615097685	602
52.87094113983	613
52.886267181975	656
52.90159322412	590
52.916919266265	603
52.93224530841	671
52.947571350555	627
52.9628973927	618
52.978223434845	645
52.99354947699	615
53.008875519135	593
53.02420156128	610
53.039527603425	590
53.05485364557	602
53.070179687715	594
53.08550572986	601
53.100831772005	612
53.11615781415	666
53.131483856295	580
53.14680989844	587
53.162135940585	648
53.17746198273	617
53.192788024875	601
53.20811406702	623
53.223440109165	628
53.23876615131	621
53.254092193455	597
53.2694182356	637
53.284744277745	656
53.30007031989	674
53.315396362035	639
53.33072240418	689
53.346048446325	625
53.36137448847	705
53.376700530615	679
53.39202657276	696
53.407352614905	765
53.42267865705	747
53.438004699195	798
53.45333074134	736
53.468656783485	704
53.48398282563	737
53.499308867775	772
53.51463490992	723
53.529960952065	835
53.54528699421	809
53.560613036355	796
53.5759390785	839
53.591265120645	822
53.60659116279	866
53.621917204935	823
53.63724324708	882
53.652569289225	911
53.66789533137	849
53.683221373515	929
53.69854741566	920
53.713873457805	935
53.72919949995	981
53.744525542095	984
53.75985158424	937
53.775177626385	955
53.79050366853	959
53.805829710675	1026
53.82115575282	1028
53.836481794965	1025
53.85180783711	1090
53.867133879255	1077
53.8824599214	1048
53.897785963545	1062
53.91311200569	1086
53.928438047835	1052
53.94376408998	1055
53.959090132125	1094
53.97441617427	1116
53.989742216415	1073
54.00506825856	1097
54.020394300705	1058
54.03572034285	1050
54.051046384995	1092
54.06637242714	1004
54.081698469285	1038
54.09702451143	1016
54.112350553575	950
54.12767659572	1014
54.143002637865	994
54.15832868001	991
54.173654722155	983
54.1889807643	968
54.204306806445	1022
54.21963284859	995
54.234958890735	1055
54.25028493288	978
54.265610975025	1035
54.28093701717	1028
54.296263059315	1041
54.31158910146	992
54.326915143605	1023
54.34224118575	975
54.357567227895	969
54.37289327004	1049
54.388219312185	1012
54.40354535433	1033
54.418871396475	1011
54.43419743862	1055
54.449523480765	1078
54.46484952291	999
54.480175565055	958
54.4955016072	977
54.510827649345	1036
54.52615369149	1037
54.541479733635	1024
54.55680577578	1021
54.572131817925	1003
54.58745786007	1017
54.602783902215	983
54.61810994436	1014
54.633435986505	1097
54.64876202865	1045
54.664088070795	1125
54.67941411294	1125
54.694740155085	1141
54.71006619723	1240
54.725392239375	1325
54.74071828152	1342
54.756044323665	1522
54.77137036581	1757
54.786696407955	2074
54.8020224501	2431
54.817348492245	2809
54.83267453439	2936
54.848000576535	2717
54.86332661868	2407
54.878652660825	1953
54.89397870297	1690
54.909304745115	1736
54.92463078726	1723
54.939956829405	1894
54.95528287155	1990
54.970608913695	2230
54.98593495584	2294
55.001260997985	2008
55.01658704013	1780
55.031913082275	1713
55.04723912442	1498
55.062565166565	1450
55.07789120871	1435
55.093217250855	1519
55.108543293	1421
55.123869335145	1464
55.13919537729	1408
55.154521419435	1524
55.16984746158	1508
55.185173503725	1439
55.20049954587	1536
55.215825588015	1533
55.23115163016	1614
55.246477672305	1800
55.26180371445	1896
55.277129756595	1976
55.29245579874	2027
55.307781840885	1923
55.32310788303	1747
55.338433925175	1557
55.35375996732	1592
55.369086009465	1505
55.38441205161	1474
55.399738093755	1522
55.4150641359	1637
55.430390178045	1680
55.44571622019	1624
55.461042262335	1516
55.47636830448	1441
55.491694346625	1405
55.50702038877	1379
55.522346430915	1336
55.53767247306	1355
55.552998515205	1274
55.56832455735	1275
55.583650599495	1332
55.59897664164	1369
55.614302683785	1345
55.62962872593	1374
55.644954768075	1468
55.66028081022	1371
55.675606852365	1435
55.69093289451	1462
55.706258936655	1477
55.7215849788	1466
55.736911020945	1494
55.75223706309	1517
55.767563105235	1486
55.78288914738	1490
55.798215189525	1463
55.81354123167	1433
55.828867273815	1413
55.84419331596	1390
55.859519358105	1318
55.87484540025	1340
55.890171442395	1383
55.90549748454	1327
55.920823526685	1289
55.93614956883	1319
55.951475610975	1250
55.96680165312	1231
55.982127695265	1245
55.99745373741	1225
56.012779779555	1182
56.0281058217	1191
56.043431863845	1132
56.05875790599	1078
56.074083948135	1161
56.08940999028	1157
56.104736032425	1127
56.12006207457	1157
56.135388116715	1088
56.15071415886	1095
56.166040201005	1110
56.18136624315	1162
56.196692285295	1181
56.21201832744	1114
56.227344369585	1181
56.24267041173	1206
56.257996453875	1167
56.27332249602	1183
56.288648538165	1185
56.30397458031	1204
56.319300622455	1151
56.3346266646	1134
56.349952706745	1136
56.36527874889	1106
56.380604791035	1152
56.39593083318	1155
56.411256875325	1107
56.42658291747	1168
56.441908959615	1040
56.45723500176	1169
56.472561043905	1072
56.48788708605	1041
56.503213128195	1088
56.51853917034	1043
56.533865212485	1064
56.54919125463	1054
56.564517296775	1074
56.57984333892	1029
56.595169381065	1033
56.61049542321	1045
56.625821465355	945
56.6411475075	990
56.656473549645	1036
56.67179959179	973
56.687125633935	948
56.70245167608	903
56.717777718225	1014
56.73310376037	931
56.748429802515	953
56.76375584466	950
56.779081886805	923
56.79440792895	967
56.809733971095	918
56.82506001324	824
56.840386055385	922
56.85571209753	881
56.871038139675	873
56.88636418182	852
56.901690223965	853
56.91701626611	847
56.932342308255	851
56.9476683504	852
56.962994392545	833
56.97832043469	812
56.993646476835	826
57.00897251898	847
57.024298561125	798
57.03962460327	784
57.054950645415	820
57.07027668756	824
57.085602729705	797
57.10092877185	794
57.116254813995	825
57.13158085614	825
57.146906898285	885
57.16223294043	860
57.177558982575	946
57.19288502472	918
57.208211066865	920
57.22353710901	809
57.238863151155	850
57.2541891933	813
57.269515235445	798
57.28484127759	801
57.300167319735	875
57.31549336188	874
57.330819404025	837
57.34614544617	835
57.361471488315	906
57.37679753046	888
57.392123572605	837
57.40744961475	866
57.422775656895	825
57.43810169904	814
57.453427741185	840
57.46875378333	888
57.484079825475	785
57.49940586762	881
57.514731909765	824
57.53005795191	805
57.545383994055	861
57.5607100362	830
57.576036078345	840
57.59136212049	828
57.606688162635	782
57.62201420478	786
57.637340246925	787
57.65266628907	813
57.667992331215	771
57.68331837336	814
57.698644415505	784
57.71397045765	762
57.729296499795	732
57.74462254194	766
57.759948584085	783
57.77527462623	745
57.790600668375	750
57.80592671052	692
57.821252752665	750
57.83657879481	717
57.851904836955	787
57.8672308791	724
57.882556921245	704
57.89788296339	670
57.913209005535	700
57.92853504768	657
57.943861089825	690
57.95918713197	667
57.974513174115	742
57.98983921626	732
58.005165258405	705
58.02049130055	684
58.035817342695	705
58.05114338484	681
58.066469426985	702
58.08179546913	652
58.097121511275	684
58.11244755342	667
58.127773595565	694
58.14309963771	682
58.158425679855	681
58.173751722	667
58.189077764145	629
58.20440380629	696
58.219729848435	616
58.23505589058	655
58.250381932725	647
58.26570797487	607
58.281034017015	686
58.29636005916	685
58.311686101305	642
58.32701214345	623
58.342338185595	671
58.35766422774	650
58.372990269885	699
58.38831631203	671
58.403642354175	687
58.41896839632	683
58.434294438465	697
58.44962048061	658
58.464946522755	743
58.4802725649	709
58.495598607045	688
58.51092464919	705
58.526250691335	702
58.54157673348	688
58.556902775625	749
58.57222881777	759
58.587554859915	749
58.60288090206	689
58.618206944205	721
58.63353298635	754
58.648859028495	785
58.66418507064	768
58.679511112785	752
58.69483715493	743
58.710163197075	728
58.72548923922	786
58.740815281365	771
58.75614132351	765
58.771467365655	745
58.7867934078	748
58.802119449945	709
58.81744549209	766
58.832771534235	750
58.84809757638	720
58.863423618525	722
58.87874966067	715
58.894075702815	731
58.90940174496	790
58.924727787105	751
58.94005382925	744
58.955379871395	733
58.97070591354	781
58.986031955685	761
59.00135799783	762
59.016684039975	756
59.03201008212	731
59.047336124265	729
59.06266216641	769
59.077988208555	759
59.0933142507	751
59.108640292845	772
59.12396633499	774
59.139292377135	776
59.15461841928	770
59.169944461425	789
59.18527050357	766
59.200596545715	768
59.21592258786	807
59.231248630005	701
59.24657467215	755
59.261900714295	781
59.27722675644	821
59.292552798585	790
59.30787884073	730
59.323204882875	741
59.33853092502	837
59.353856967165	808
59.36918300931	768
59.384509051455	777
59.3998350936	774
59.415161135745	787
59.43048717789	787
59.445813220035	854
59.46113926218	795
59.476465304325	787
59.49179134647	814
59.507117388615	868
59.52244343076	824
59.537769472905	828
59.55309551505	916
59.568421557195	878
59.58374759934	875
59.599073641485	875
59.61439968363	977
59.629725725775	934
59.64505176792	953
59.660377810065	934
59.67570385221	1008
59.691029894355	971
59.7063559365	1087
59.721681978645	1096
59.73700802079	1120
59.752334062935	1133
59.76766010508	1227
59.782986147225	1259
59.79831218937	1396
59.813638231515	1652
59.82896427366	1939
59.844290315805	2258
59.85961635795	2937
59.874942400095	3728
59.89026844224	4590
59.905594484385	5342
59.92092052653	5368
59.936246568675	4458
59.95157261082	3455
59.966898652965	2703
59.98222469511	2265
59.997550737255	2180
60.0128767794	2222
60.028202821545	2382
60.04352886369	2727
60.058854905835	3216
60.07418094798	3340
60.089506990125	3080
60.10483303227	2669
60.120159074415	2136
60.13548511656	1715
60.150811158705	1482
60.16613720085	1312
60.181463242995	1161
60.19678928514	1193
60.212115327285	1143
60.22744136943	1115
60.242767411575	1073
60.25809345372	1011
60.273419495865	1018
60.28874553801	937
60.304071580155	979
60.3193976223	935
60.334723664445	947
60.35004970659	872
60.365375748735	851
60.38070179088	870
60.396027833025	863
60.41135387517	915
60.426679917315	872
60.44200595946	922
60.457332001605	866
60.47265804375	896
60.487984085895	877
60.50331012804	926
60.518636170185	875
60.53396221233	936
60.549288254475	866
60.56461429662	901
60.579940338765	921
60.59526638091	941
60.610592423055	953
60.6259184652	957
60.641244507345	976
60.65657054949	923
60.671896591635	985
60.68722263378	937
60.702548675925	939
60.71787471807	945
60.733200760215	891
60.74852680236	992
60.763852844505	941
60.77917888665	1001
60.794504928795	950
60.80983097094	966
60.825157013085	992
60.84048305523	969
60.855809097375	943
60.87113513952	934
60.886461181665	996
60.90178722381	1008
60.917113265955	988
60.9324393081	941
60.947765350245	969
60.96309139239	1011
60.978417434535	1012
60.99374347668	1012
61.009069518825	983
61.02439556097	1031
61.039721603115	1049
61.05504764526	1038
61.070373687405	1091
61.08569972955	1091
61.101025771695	992
61.11635181384	1082
61.131677855985	1074
61.14700389813	1069
61.162329940275	1110
61.17765598242	1132
61.192982024565	1157
61.20830806671	1222
61.223634108855	1251
61.238960151	1230
61.254286193145	1276
61.26961223529	1320
61.284938277435	1334
61.30026431958	1368
61.315590361725	1454
61.33091640387	1453
61.346242446015	1458
61.36156848816	1577
61.376894530305	1591
61.39222057245	1682
61.407546614595	1709
61.42287265674	1664
61.438198698885	1812
61.45352474103	1789
61.468850783175	1891
61.48417682532	1826
61.499502867465	1922
61.51482890961	1884
61.530154951755	1934
61.5454809939	1978
61.560807036045	2055
61.57613307819	2100
61.591459120335	2156
61.60678516248	2115
61.622111204625	1980
61.63743724677	2031
61.652763288915	2046
61.66808933106	1983
61.683415373205	2039
61.69874141535	1977
61.714067457495	1919
61.72939349964	1931
61.744719541785	1781
61.76004558393	1833
61.775371626075	1665
61.79069766822	1703
61.806023710365	1786
61.82134975251	1644
61.836675794655	1669
61.8520018368	1628
61.867327878945	1508
61.88265392109	1514
61.897979963235	1464
61.91330600538	1430
61.928632047525	1343
61.94395808967	1363
61.959284131815	1287
61.97461017396	1239
61.989936216105	1243
62.00526225825	1277
62.020588300395	1196
62.03591434254	1129
62.051240384685	1163
62.06656642683	1177
62.081892468975	1119
62.09721851112	1004
62.112544553265	1088
62.12787059541	1081
62.143196637555	1097
62.1585226797	1054
62.173848721845	1036
62.18917476399	1026
62.204500806135	1028
62.21982684828	1024
62.235152890425	1066
62.25047893257	1053
62.265804974715	1065
62.28113101686	972
62.296457059005	1045
62.31178310115	1071
62.327109143295	958
62.34243518544	1050
62.357761227585	978
62.37308726973	1032
62.388413311875	978
62.40373935402	1004
62.419065396165	879
62.43439143831	916
62.449717480455	915
62.4650435226	870
62.480369564745	937
62.49569560689	937
62.511021649035	899
62.52634769118	896
62.541673733325	893
62.55699977547	864
62.572325817615	860
62.58765185976	838
62.602977901905	837
62.61830394405	816
62.633629986195	862
62.64895602834	835
62.664282070485	796
62.67960811263	786
62.694934154775	797
62.71026019692	717
62.725586239065	730
62.74091228121	730
62.756238323355	723
62.7715643655	739
62.786890407645	665
62.80221644979	694
62.817542491935	675
62.83286853408	722
62.848194576225	656
62.86352061837	710
62.878846660515	644
62.89417270266	694
62.909498744805	641
62.92482478695	667
62.940150829095	688
62.95547687124	610
62.970802913385	606
62.98612895553	598
63.001454997675	606
63.01678103982	638
63.032107081965	634
63.04743312411	578
63.062759166255	644
63.0780852084	625
63.093411250545	601
63.10873729269	644
63.124063334835	628
63.13938937698	557
63.154715419125	607
63.17004146127	592
63.185367503415	605
63.20069354556	596
63.216019587705	595
63.23134562985	611
63.246671671995	581
63.26199771414	618
63.277323756285	583
63.29264979843	575
63.307975840575	555
63.32330188272	560
63.338627924865	562
63.35395396701	600
63.369280009155	597
63.3846060513	580
63.399932093445	570
63.41525813559	601
63.430584177735	560
63.44591021988	593
63.461236262025	537
63.47656230417	503
63.491888346315	522
63.50721438846	562
63.522540430605	560
63.53786647275	568
63.553192514895	553
63.56851855704	547
63.583844599185	577
63.59917064133	560
63.614496683475	565
63.62982272562	588
63.645148767765	619
63.66047480991	607
63.675800852055	614
63.6911268942	600
63.706452936345	628
63.72177897849	598
63.737105020635	615
63.75243106278	674
63.767757104925	660
63.78308314707	619
63.798409189215	676
63.81373523136	702
63.829061273505	706
63.84438731565	722
63.859713357795	717
63.87503939994	814
63.890365442085	865
63.90569148423	909
63.921017526375	1013
63.93634356852	1017
63.951669610665	1196
63.96699565281	1350
63.982321694955	1584
63.9976477371	1526
64.012973779245	1411
64.02829982139	1152
64.043625863535	1033
64.05895190568	964
64.074277947825	864
64.08960398997	862
64.104930032115	884
64.12025607426	901
64.135582116405	986
64.15090815855	999
64.166234200695	1078
64.18156024284	1016
64.196886284985	920
64.21221232713	870
64.227538369275	761
64.24286441142	730
64.258190453565	670
64.27351649571	687
64.288842537855	674
64.30416858	613
64.319494622145	628
64.33482066429	619
64.350146706435	559
64.36547274858	579
64.380798790725	594
64.39612483287	582
64.411450875015	609
64.42677691716	551
64.442102959305	571
64.45742900145	571
64.472755043595	588
64.48808108574	596
64.503407127885	574
64.51873317003	599
64.534059212175	564
64.54938525432	585
64.564711296465	588
64.58003733861	564
64.595363380755	592
64.6106894229	579
64.626015465045	609
64.64134150719	590
64.656667549335	621
64.67199359148	598
64.687319633625	592
64.70264567577	585
64.717971717915	570
64.73329776006	587
64.748623802205	575
64.76394984435	597
64.779275886495	618
64.79460192864	617
64.809927970785	658
64.82525401293	608
64.840580055075	606
64.85590609722	591
64.871232139365	609
64.88655818151	624
64.901884223655	631
64.9172102658	627
64.932536307945	578
64.94786235009	661
64.963188392235	610
64.97851443438	665
64.993840476525	597
65.00916651867	646
65.024492560815	613
65.03981860296	604
65.055144645105	701
65.07047068725	656
65.085796729395	663
65.10112277154	635
65.116448813685	638
65.13177485583	673
65.147100897975	686
65.16242694012	684
65.177752982265	651
65.19307902441	627
65.208405066555	655
65.2237311087	656
65.239057150845	613
65.25438319299	617
65.269709235135	619
65.28503527728	643
65.300361319425	632
65.31568736157	666
65.331013403715	628
65.34633944586	602
65.361665488005	621
65.37699153015	613
65.392317572295	664
65.40764361444	626
65.422969656585	637
65.43829569873	607
65.453621740875	609
65.46894778302	614
65.484273825165	624
65.49959986731	611
65.514925909455	606
65.5302519516	641
65.545577993745	601
65.56090403589	646
65.576230078035	629
65.59155612018	623
65.606882162325	579
65.62220820447	618
65.637534246615	587
65.65286028876	610
65.668186330905	688
65.68351237305	663
65.698838415195	727
65.71416445734	740
65.729490499485	786
65.74481654163	822
65.760142583775	769
65.77546862592	743
65.790794668065	650
65.80612071021	638
65.821446752355	629
65.8367727945	709
65.852098836645	684
65.86742487879	653
65.882750920935	672
65.89807696308	742
65.913403005225	722
65.92872904737	727
65.944055089515	663
65.95938113166	687
65.974707173805	670
65.99003321595	597
66.005359258095	622
66.02068530024	591
66.036011342385	609
66.05133738453	633
66.066663426675	589
66.08198946882	610
66.097315510965	617
66.11264155311	634
66.127967595255	629
66.1432936374	609
66.158619679545	665
66.17394572169	632
66.189271763835	643
66.20459780598	619
66.219923848125	624
66.23524989027	679
66.250575932415	702
66.26590197456	636
66.281228016705	666
66.29655405885	633
66.311880100995	613
66.32720614314	671
66.342532185285	626
66.35785822743	613
66.373184269575	589
66.38851031172	636
66.403836353865	633
66.41916239601	609
66.434488438155	634
66.4498144803	625
66.465140522445	615
66.48046656459	621
66.495792606735	595
66.51111864888	576
66.526444691025	568
66.54177073317	576
66.557096775315	540
66.57242281746	536
66.587748859605	591
66.60307490175	541
66.618400943895	540
66.63372698604	529
66.649053028185	497
66.66437907033	584
66.679705112475	533
66.69503115462	542
66.710357196765	556
66.72568323891	590
66.741009281055	529
66.7563353232	546
66.771661365345	532
66.78698740749	577
66.802313449635	532
66.81763949178	543
66.832965533925	574
66.84829157607	586
66.863617618215	506
66.87894366036	556
66.894269702505	576
66.90959574465	571
66.924921786795	563
66.94024782894	618
66.955573871085	537
66.97089991323	600
66.986225955375	592
67.00155199752	610
67.016878039665	578
67.03220408181	618
67.047530123955	604
67.0628561661	628
67.078182208245	606
67.09350825039	597
67.108834292535	598
67.12416033468	630
67.139486376825	611
67.15481241897	639
67.170138461115	614
67.18546450326	604
67.200790545405	630
67.21611658755	659
67.231442629695	606
67.24676867184	614
67.262094713985	611
67.27742075613	647
67.292746798275	605
67.30807284042	599
67.323398882565	663
67.33872492471	657
67.354050966855	640
67.369377009	625
67.384703051145	630
67.40002909329	655
67.415355135435	667
67.43068117758	664
67.446007219725	660
67.46133326187	695
67.476659304015	682
67.49198534616	712
67.507311388305	743
67.52263743045	747
67.537963472595	746
67.55328951474	800
67.568615556885	884
67.58394159903	963
67.599267641175	1120
67.61459368332	1281
67.629919725465	1570
67.64524576761	1935
67.660571809755	2336
67.6758978519	2841
67.691223894045	3067
67.70654993619	3141
67.721875978335	2611
67.73720202048	2178
67.752528062625	1656
67.76785410477	1429
67.783180146915	1375
67.79850618906	1202
67.813832231205	1257
67.82915827335	1383
67.844484315495	1553
67.85981035764	1722
67.875136399785	1978
67.89046244193	2165
67.905788484075	1989
67.92111452622	1698
67.936440568365	1479
67.95176661051	1231
67.967092652655	1170
67.9824186948	1221
67.997744736945	1300
68.01307077909	1416
68.028396821235	1688
68.04372286338	2042
68.059048905525	2562
68.07437494767	3236
68.089700989815	3750
68.10502703196	3872
68.120353074105	3313
68.13567911625	2689
68.151005158395	2076
68.16633120054	1873
68.181657242685	1852
68.19698328483	1873
68.212309326975	2194
68.22763536912	2476
68.242961411265	2938
68.25828745341	3338
68.273613495555	3813
68.2889395377	3526
68.304265579845	3008
68.31959162199	2544
68.334917664135	1943
68.35024370628	1638
68.365569748425	1385
68.38089579057	1262
68.396221832715	1343
68.41154787486	1391
68.426873917005	1507
68.44219995915	1584
68.457526001295	1562
68.47285204344	1498
68.488178085585	1283
68.50350412773	1133
68.518830169875	977
68.53415621202	888
68.549482254165	810
68.56480829631	790
68.580134338455	808
68.5954603806	822
68.610786422745	701
68.62611246489	777
68.641438507035	750
68.65676454918	768
68.672090591325	742
68.68741663347	708
68.702742675615	716
68.71806871776	705
68.733394759905	705
68.74872080205	756
68.764046844195	703
68.77937288634	732
68.794698928485	749
68.81002497063	741
68.825351012775	719
68.84067705492	682
68.856003097065	778
68.87132913921	725
68.886655181355	680
68.9019812235	689
68.917307265645	708
68.93263330779	759
68.947959349935	741
68.96328539208	763
68.978611434225	744
68.99393747637	717
69.009263518515	684
69.02458956066	752
69.039915602805	667
69.05524164495	744
69.070567687095	730
69.08589372924	719
69.101219771385	686
69.11654581353	759
69.131871855675	746
69.14719789782	707
69.162523939965	747
69.17784998211	762
69.193176024255	717
69.2085020664	786
69.223828108545	793
69.23915415069	814
69.254480192835	843
69.26980623498	813
69.285132277125	803
69.30045831927	865
69.315784361415	851
69.33111040356	847
69.346436445705	830
69.36176248785	879
69.377088529995	831
69.39241457214	915
69.407740614285	953
69.42306665643	937
69.438392698575	883
69.45371874072	916
69.469044782865	884
69.48437082501	868
69.499696867155	890
69.5150229093	893
69.530348951445	892
69.54567499359	892
69.561001035735	906
69.57632707788	916
69.591653120025	834
69.60697916217	902
69.622305204315	834
69.63763124646	852
69.652957288605	862
69.66828333075	845
69.683609372895	823
69.69893541504	858
69.714261457185	777
69.72958749933	823
69.744913541475	785
69.76023958362	832
69.775565625765	837
69.79089166791	811
69.806217710055	784
69.8215437522	783
69.836869794345	818
69.85219583649	824
69.867521878635	745
69.88284792078	801
69.898173962925	807
69.91350000507	796
69.928826047215	812
69.94415208936	790
69.959478131505	824
69.97480417365	813
69.990130215795	843
70.00545625794	807
70.020782300085	799
70.03610834223	869
70.051434384375	904
70.06676042652	871
70.082086468665	909
70.09741251081	868
70.112738552955	874
70.1280645951	974
70.143390637245	861
70.15871667939	965
70.174042721535	948
70.18936876368	942
70.204694805825	980
70.22002084797	895
70.235346890115	970
70.25067293226	890
70.265998974405	919
70.28132501655	919
70.296651058695	907
70.31197710084	852
70.327303142985	855
70.34262918513	912
70.357955227275	931
70.37328126942	848
70.388607311565	864
70.40393335371	813
70.419259395855	849
70.434585438	836
70.449911480145	806
70.46523752229	833
70.480563564435	786
70.49588960658	756
70.511215648725	769
70.52654169087	789
70.541867733015	757
70.55719377516	704
70.572519817305	754
70.58784585945	765
70.603171901595	754
70.61849794374	738
70.633823985885	757
70.64915002803	758
70.664476070175	749
70.67980211232	738
70.695128154465	726
70.71045419661	726
70.725780238755	738
70.7411062809	720
70.756432323045	699
70.77175836519	691
70.787084407335	699
70.80241044948	754
70.817736491625	753
70.83306253377	684
70.848388575915	710
70.86371461806	690
70.879040660205	703
70.89436670235	719
70.909692744495	697
70.92501878664	663
70.940344828785	674
70.95567087093	731
70.970996913075	762
70.98632295522	600
71.001648997365	677
71.01697503951	669
71.032301081655	637
71.0476271238	729
71.062953165945	717
71.07827920809	689
71.093605250235	686
71.10893129238	699
71.124257334525	744
71.13958337667	668
71.154909418815	713
71.17023546096	702
71.185561503105	724
71.20088754525	643
71.216213587395	638
71.23153962954	647
71.246865671685	693
71.26219171383	700
71.277517755975	685
71.29284379812	665
71.308169840265	681
71.32349588241	673
71.338821924555	663
71.3541479667	699
71.369474008845	647
71.38480005099	696
71.400126093135	652
71.41545213528	717
71.430778177425	663
71.44610421957	705
71.461430261715	659
71.47675630386	674
71.492082346005	644
71.50740838815	639
71.522734430295	633
71.53806047244	708
71.553386514585	650
71.56871255673	723
71.584038598875	670
71.59936464102	671
71.614690683165	654
71.63001672531	690
71.645342767455	662
71.6606688096	717
71.675994851745	659
71.69132089389	662
71.706646936035	688
71.72197297818	677
71.737299020325	678
71.75262506247	741
71.767951104615	744
71.78327714676	669
71.798603188905	708
71.81392923105	711
71.829255273195	692
71.84458131534	724
71.859907357485	789
71.87523339963	734
71.890559441775	698
71.90588548392	739
71.921211526065	751
71.93653756821	773
71.951863610355	809
71.9671896525	723
71.982515694645	762
71.99784173679	779
72.013167778935	791
72.02849382108	749
72.043819863225	786
72.05914590537	790
72.074471947515	783
72.08979798966	751
72.105124031805	820
72.12045007395	753
72.135776116095	837
72.15110215824	839
72.166428200385	881
72.18175424253	878
72.197080284675	903
72.21240632682	841
72.227732368965	850
72.24305841111	876
72.258384453255	880
72.2737104954	903
72.289036537545	857
72.30436257969	917
72.319688621835	931
72.33501466398	1001
72.350340706125	964
72.36566674827	956
72.380992790415	1019
72.39631883256	1056
72.411644874705	1009
72.42697091685	1068
72.442296958995	1030
72.45762300114	1033
72.472949043285	1006
72.48827508543	1120
72.503601127575	1104
72.51892716972	1157
72.534253211865	1118
72.54957925401	1143
72.564905296155	1163
72.5802313383	1132
72.595557380445	1170
72.61088342259	1109
72.626209464735	1182
72.64153550688	1203
72.656861549025	1167
72.67218759117	1208
72.687513633315	1174
72.70283967546	1190
72.718165717605	1182
72.73349175975	1135
72.748817801895	1191
72.76414384404	1170
72.779469886185	1156
72.79479592833	1154
72.810121970475	1145
72.82544801262	1203
72.840774054765	1112
72.85610009691	1178
72.871426139055	1180
72.8867521812	1100
72.902078223345	1137
72.91740426549	1098
72.932730307635	1090
72.94805634978	1128
72.963382391925	1146
72.97870843407	1178
72.994034476215	1099
73.00936051836	1142
73.024686560505	1129
73.04001260265	1118
73.055338644795	1033
73.07066468694	1063
73.085990729085	1055
73.10131677123	1014
